Prediction_emotion
"Based on the context, here is the emotion for each sentence:"
1. neutral  
2. neutral  
3. neutral  
4. neutral  
5. frustrated  
6. frustrated  
7. neutral  
8. neutral  
9. frustrated  
10. frustrated  
11. neutral  
12. frustrated  
"13. frustrated (surprised at ""What?"" but overall frustration dominates)  "
14. frustrated  
15. frustrated  
16. frustrated  
17. frustrated  
18. frustrated  
19. neutral  
20. neutral  
21. anger  
22. frustrated  
23. neutral  
24. surprised  
25. frustrated  
26. frustrated  
27. frustrated  
28. frustrated  
29. anger  
30. neutral
"Based on the conversation context and dialogical acts, the emotions for each sentence are:"
1. neutral  
2. frustrated  
3. sad  
4. frustrated  
5. frustrated  
6. sad  
7. frustrated  
8. sad  
9. frustrated  
10. sad  
11. frustrated  
12. sad  
13. frustrated  
14. sad  
15. frustrated  
16. frustrated  
17. sad  
18. sad  
19. anger  
20. sad  
21. sad  
22. frustrated  
23. sad  
24. fear  
25. neutral  
26. sad  
27. neutral  
28. neutral  
29. neutral  
30. fear  
31. neutral  
32. fear  
33. neutral  
34. sad  
35. neutral  
36. neutral  
37. neutral  
38. frustrated
"Based on the conversation context and dialog acts, here is the emotion for each sentence:"
1.  neutral
2.  happy
3.  neutral
4.  fear (nervousness/hesitation)
5.  surprised
6.  neutral
7.  neutral
8.  happy (implied by laughter)
9.  neutral
10. happy
11. happy
12. neutral
13. excited
14. neutral
15. happy
16. happy (implied by laughter)
17. sad
18. neutral
19. excited
20. neutral
21. surprised
22. neutral
23. neutral
24. neutral
25. excited
26. neutral
27. happy (implied by laughter)
28. happy (implied by laughter)
29. neutral
30. neutral
31. happy (implied by laughter)
32. neutral
33. neutral
34. neutral
35. neutral
36. surprised
37. neutral
38. surprised
39. neutral
40. frustrated
41. neutral
42. neutral
43. frustrated
44. neutral
45. frustrated
46. neutral
47. happy
48. happy
49. happy (implied by laughter)
50. neutral
51. neutral
52. happy (implied by laughter)
"Based on the context and emotional cues in each sentence, the emotions are as follows:"
1. neutral  
2. surprised  
3. neutral  
"4. neutral (doubtful, but not strongly emotional)  "
5. neutral  
6. frustrated  
7. neutral  
8. neutral  
9. neutral  
10. neutral  
11. surprised  
12. neutral  
13. neutral  
14. surprised  
15. surprised  
16. neutral  
17. neutral  
18. surprised  
19. neutral  
20. neutral  
21. neutral  
22. frustrated  
23. neutral  
24. surprised  
25. neutral  
26. neutral  
27. neutral  
28. frustrated  
29. neutral  
30. neutral  
31. fear  
32. neutral  
33. frustrated  
34. neutral  
35. frustrated  
36. neutral  
37. fear  
38. neutral  
39. frustrated  
40. neutral  
41. neutral  
42. angry  
43. neutral  
44. angry  
45. angry (sarcastic dismissal)  
46. neutral  
47. neutral  
48. angry  
49. neutral  
50. angry  
51. neutral  
52. angry  
53. neutral  
54. angry (sarcasm)  
55. neutral  
56. angry (sarcasm)  
57. neutral  
58. neutral  
59. angry (defensive denial)  
60. neutral  
61. angry  
62. neutral  
63. angry  
64. neutral  
65. angry (mocking sarcasm)  
66. surprised  
67. surprised  
68. angry  
69. neutral  
70. angry  
71. neutral
"Based on the dialogical acts and context, here is the emotion for each numbered line:"
1.  neutral
2.  neutral
3.  frustrated
4.  neutral
5.  neutral
6.  neutral
7.  neutral
8.  frustrated
9.  neutral
10. frustrated
11. neutral
12. neutral
13. neutral
14. neutral
15. neutral
16. neutral
17. neutral
18. neutral
19. frustrated
20. neutral
21. neutral
22. neutral
23. anger
24. neutral
25. anger
26. neutral
27. neutral
28. anger
29. neutral
30. frustrated
31. neutral
32. neutral
33. anger
34. neutral
35. anger
36. neutral
37. neutral
38. anger
39. neutral
40. anger
41. neutral
42. neutral
43. anger
44. anger
45. neutral
46. anger
47. neutral
48. neutral
49. anger
50. neutral
51. anger
52. surprised
53. anger
54. neutral
55. neutral
56. anger
57. neutral
58. anger
59. neutral
60. anger
61. neutral
62. anger
63. neutral
64. anger
65. neutral
66. anger
67. neutral
"Based on the context and dialogical acts, here is the emotion for each sentence:"
1.  **sad** (Apology implies remorse/sadness)  
"2.  **neutral** (Acceptance, calm response)  "
"3.  **neutral** (Offering help, practical question)  "
"4.  **frustrated** (Repeated ""no"" suggests impatience)  "
"5.  **neutral** (Follow-up offer, practical)  "
6.  **frustrated** (Abrupt refusal)  
"7.  **neutral** (Kind offer, supportive)  "
"8.  **happy** (Appreciation, ""sweet"" is positive)  "
9.  **neutral** (Simple gratitude)  
10. **sad** (Mentioning visiting a headstone)  
"11. **neutral** (Reflective, explaining past habit)  "
12. **neutral** (Acknowledgement sound)  
13. **frustrated** (Expressing difficulty finding the headstone)  
14. **neutral** (Narrative explanation)  
15. **neutral** (Continuing narrative)  
"16. **surprised** (""Oh"" indicates surprise at the woman's presence)  "
17. **sad** (Reporting the woman's hurtful comment)  
18. **sad** (Describing feeling bad and an awkward interaction)  
19. **neutral** (Acknowledgement sound)  
20. **sad** (Expressing guilt and regret)  
21. **neutral** (Acknowledgement)  
22. **sad** (Expressing unresolved feelings)  
23. **neutral** (Question seeking information)  
24. **neutral** (Clarifying question)  
25. **neutral** (Acknowledgement sound)  
26. **neutral** (Stating a fact)  
27. **neutral** (Sharing an activity factually)  
"28. **surprised** (""Oh really?"" expresses surprise)  "
29. **surprised** (Question emphasizes disbelief about location)  
30. **neutral** (Simple justification)  
31. **neutral** (Information-seeking question)  
32. **neutral** (Stating a fact)  
33. **neutral** (Follow-up question for detail)  
34. **neutral** (Simple affirmation)  
35. **sad** (Reflecting on loss and friend's death)  
36. **neutral/sad** (Mixed: Neutral description tinged with sadness about memorial)  
37. **neutral** (Sharing a past habit)  
38. **neutral** (Acknowledgement sound)  
39. **neutral** (Hesitant continuation)  
40. **sad** (Recalling friend's decline)  
"41. **sad** (Detailed, poignant memory of friend's illness)  "
42. **neutral** (Acknowledgement sound)  
43. **neutral** (Sharing information about a poem)  
44. **neutral** (Information-seeking question)  
45. **neutral** (Stating inability to recall)  
46. **sad** (Emotional memory of friend's final days and death)  
47. **neutral** (Repeated acknowledgement sounds)
"Based on the conversation context and dialogical acts, the emotions for each sentence are:"
1. neutral  
2. neutral  
3. excited  
4. surprised  
5. frustrated  
6. happy  
7. excited  
8. happy  
9. neutral  
10. neutral  
11. happy  
12. happy  
13. neutral  
14. happy  
15. happy  
16. happy  
17. happy  
18. happy  
19. neutral  
20. neutral  
21. surprised  
22. neutral  
23. happy  
24. happy  
25. happy  
26. neutral  
27. happy  
28. happy  
29. happy  
30. neutral  
31. happy  
32. excited  
33. happy  
34. happy  
35. happy  
36. happy  
37. frustrated
"Based on the conversation, the emotions for each sentence are:"
1. fear  
2. fear  
3. neutral  
4. frustrated  
5. neutral  
6. neutral  
7. neutral  
8. fear  
9. neutral  
10. fear  
11. neutral  
12. fear  
13. frustrated  
14. surprised  
15. frustrated  
16. frustrated  
17. frustrated  
18. frustrated  
19. frustrated  
20. frustrated  
21. frustrated  
22. frustrated  
23. frustrated  
24. frustrated  
25. frustrated  
26. neutral  
27. anger  
28. neutral  
29. neutral  
30. neutral  
31. neutral  
32. excited  
33. neutral  
34. frustrated  
35. frustrated  
36. neutral  
37. fear  
38. frustrated  
39. neutral  
40. anger  
41. frustrated  
42. frustrated  
43. frustrated  
44. frustrated  
45. sad  
46. neutral  
47. anger  
48. neutral  
49. neutral  
50. fear  
51. neutral  
52. frustrated  
53. frustrated  
54. frustrated  
55. frustrated  
56. frustrated  
57. frustrated  
58. neutral  
59. neutral  
60. neutral  
61. frustrated  
62. frustrated  
63. fear  
64. fear  
65. fear  
66. neutral  
67. neutral  
68. sad  
69. neutral  
70. anger  
71. neutral  
72. surprised  
73. anger  
74. anger  
75. frustrated  
76. frustrated  
77. neutral  
78. excited  
79. surprised  
80. neutral  
81. neutral  
82. neutral  
83. frustrated  
84. neutral  
85. neutral  
86. neutral  
87. sad  
88. neutral  
89. neutral
1. fear  
2. neutral  
3. frustrated  
4. neutral  
5. frustrated  
6. frustrated  
7. frustrated  
8. fear  
9. frustrated  
10. frustrated  
11. frustrated  
12. frustrated  
13. neutral  
14. anger  
15. frustrated  
16. frustrated  
17. frustrated  
18. fear  
19. neutral  
20. anger  
21. frustrated  
22. sad  
23. anger  
24. neutral  
25. fear  
26. surprised  
27. neutral  
28. fear  
29. neutral  
30. surprised  
31. neutral  
32. sad  
33. anger
"Based on the dialogue and contextual cues, here is the emotion for each numbered sentence:"
1. sad  
2. sad  
3. neutral  
4. happy  
5. neutral  
6. sad  
7. neutral  
8. frustrated  
9. neutral  
10. frustrated  
11. neutral  
12. neutral  
13. frustrated  
14. neutral  
15. surprised  
16. neutral  
17. excited  
18. happy  
19. neutral  
20. happy  
21. happy  
22. sad  
23. happy  
24. frustrated  
25. neutral  
26. sad  
27. happy  
28. surprised  
29. neutral  
30. neutral  
31. neutral  
32. surprised  
33. happy  
34. frustrated  
35. frustrated  
36. neutral  
37. happy  
38. happy  
39. frustrated  
40. anger  
41. happy  
42. frustrated  
43. neutral  
44. frustrated  
45. neutral  
46. fear  
47. neutral  
48. neutral  
49. neutral  
50. sad  
51. neutral  
52. fear  
53. frustrated  
54. neutral  
55. neutral  
56. sad  
57. neutral  
58. sad  
59. sad  
60. sad  
61. sad  
62. sad  
63. sad  
64. neutral  
65. neutral  
66. sad  
67. neutral  
68. neutral  
69. sad  
70. neutral  
71. neutral  
72. happy  
73. happy  
74. excited  
75. neutral
"Based on the dialogue, here are the emotions for each sentence:"
1.  **excited** (Joey's enthusiastic description of the night)
"2.  **neutral** (Practical statement about location, then checking on Fey)"
"3.  **neutral** (Simple, flat response)"
4.  **neutral** (Hesitant inquiry)
5.  **frustrated** (Expressing uncertainty and inability to tell what he's seeing)
6.  **neutral** (Non-verbal sound)
7.  **frustrated** (Trying to rationalize uncertainty)
8.  **surprised** (Sudden realization of forgetting something)
9.  **neutral** (Simple question)
10. **frustrated** (Self-blame for forgetting)
11. **neutral** (Questioning)
12. **neutral** (Explaining/asking)
13. **frustrated** (Correcting ownership)
14. **neutral** (Questioning)
15. **frustrated** (Asserting shared ownership)
16. **neutral** (Acknowledging correction)
17. **frustrated** (Expressing annoyance at perceived possessiveness)
18. **neutral** (Denial)
19. **frustrated** (Questioning the impact of words)
20. **neutral** (Attempting agreement/joke)
21. **frustrated** (Shared self-blame for forgetting)
22. **neutral** (Questioning for information)
23. **neutral** (Simple affirmation)
24. **neutral** (Offering care/reflecting on another forgotten item)
25. **neutral** (Reflecting on another forgotten item)
26. **excited** (Explicitly stating excitement)
27. **happy** (Laughter response)
28. **neutral** (Curious musing)
29. **neutral** (Stating a feeling)
30. **neutral** (Offering care)
31. **frustrated** (Expressing desire to leave)
"32. **surprised/frustrated** (Shocked by the suggestion to leave, questioning the point)"
33. **frustrated** (Agreeing sarcastically/negatively)
34. **neutral** (Simple acknowledgment)
35. **frustrated** (Reiterating negative point)
36. **neutral** (Agreeing)
37. **frustrated** (Insisting on leaving)
"38. **frustrated** (Correcting, insisting on staying, questioning Fey)"
39. **neutral** (Simple negative response)
40. **neutral** (Questioning)
41. **frustrated** (Dismissive explanation)
42. **excited** (Passionate defense of the event's significance)
"43. **frustrated** (Dismissive, minimizing the event)"
44. **neutral** (Providing information)
45. **excited** (Emphasizing the significance)
"46. **frustrated/angry** (Dismissive, minimizing excitement, slightly aggressive ""freaking"")"
47. **neutral** (Simple contradiction)
48. **frustrated** (Dismissive interjection)
49. **frustrated** (Defending the fish's uniqueness)
50. **frustrated** (Expressing bewilderment at Fey's lack of interest)
51. **neutral** (Simple statement)
52. **surprised** (Seeking confirmation of disbelief)
53. **neutral** (Simple affirmation)
54. **frustrated/sad** (Expressing confusion and invoking past positive memories)
55. **frustrated** (Invoking another past positive memory to counter Fey)
56. **frustrated** (Recalling negative past experience)
57. **neutral** (Explaining past failure)
"58. **frustrated** (Adding another past failure, dismissive sound)"
"59. **frustrated** (Reiterating explanation, asserting confidence)"
"60. **neutral** (Observing, then correcting)"
61. **excited** (Expressing enthusiasm despite Fey)
62. **excited** (Passionate description of the phenomenon)
63. **excited** (Continuing passionate description)
64. **excited** (Continuing passionate description)
65. **excited** (Continuing passionate description)
66. **excited** (Continuing passionate description)
67. **excited** (Physical reaction to own excitement)
68. **frustrated** (Dismissive explanation of Joey's reaction)
69. **neutral** (Seeking opinion)
"70. **frustrated** (Dismissive, indicating disengagement)"
71. **neutral** (Clarifying question)
"Based on the conversation context, here is the emotion for each sentence:"
1. **excited**  
2. **neutral**  
3. **neutral**  
4. **neutral**  
5. **neutral**  
6. **frustrated**  
7. **frustrated**  
8. **frustrated**  
9. **frustrated**  
10. **sad**  
11. **surprised**  
12. **sad**  
13. **frustrated**  
14. **anger**  
15. **frustrated**  
16. **sad**  
17. **frustrated**  
18. **anger**  
19. **surprised**  
20. **frustrated**  
21. **frustrated**  
22. **frustrated**  
23. **excited**  
24. **sad**  
25. **sad**  
26. **sad**  
27. **frustrated**  
28. **frustrated**  
29. **sad**  
30. **sad**  
31. **frustrated**  
32. **anger**  
33. **neutral**  
34. **neutral**  
35. **neutral**  
36. **sad**  
37. **happy**  
38. **happy**  
39. **excited**  
40. **happy**  
41. **neutral**  
42. **happy**  
43. **neutral**  
44. **sad**  
45. **neutral**  
46. **happy**  
47. **sad**  
48. **neutral**  
49. **sad**  
50. **neutral**  
51. **sad**  
52. **frustrated**  
53. **frustrated**  
54. **sad**  
55. **frustrated**  
56. **frustrated**  
57. **sad**  
58. **anger**  
59. **sad**  
60. **frustrated**  
61. **sad**  
62. **sad**  
63. **sad**  
64. **sad**  
65. **frustrated**  
66. **sad**  
67. **neutral**  
68. **sad**  
69. **sad**  
70. **neutral**  
71. **sad**  
72. **sad**  
73. **sad**  
74. **sad**  
75. **sad**  
76. **sad**  
77. **happy**  
78. **neutral**  
79. **happy**  
80. **neutral**  
81. **sad**  
82. **happy**  
83. **happy**  
84. **neutral**  
85. **happy**  
86. **happy**  
87. **neutral**  
88. **excited**  
89. **surprised**  
90. **neutral**  
91. **happy**  
92. **neutral**  
93. **neutral**  
94. **happy**  
95. **sad**  
96. **excited**  
97. **happy**  
98. **happy**
"Based on the context and dialogical cues, the emotions for each sentence are:"
1. **surprised**  
2. **fear**  
3. **neutral**  
4. **neutral**  
5. **neutral**  
6. **fear**  
7. **fear**  
8. **fear**  
9. **happy**  
10. **happy**  
11. **neutral**  
12. **surprised**  
13. **happy**  
14. **happy**  
15. **happy**  
16. **happy**  
17. **happy**  
18. **happy**  
19. **happy**  
20. **sad**  
21. **sad**  
22. **sad**  
23. **surprised**  
24. **sad**  
25. **frustrated**  
26. **frustrated**  
27. **neutral**  
28. **neutral**  
29. **neutral**  
30. **neutral**  
31. **sad**  
32. **happy**  
33. **fear**  
34. **neutral**  
35. **fear**  
36. **neutral**  
37. **sad**  
38. **neutral**  
39. **sad**  
40. **happy**  
41. **sad**  
42. **happy**  
43. **frustrated**  
44. **neutral**  
45. **excited**  
46. **happy**  
47. **happy**  
48. **happy**  
49. **happy**  
50. **happy**  
51. **neutral**  
52. **happy**  
53. **neutral**  
54. **happy**  
55. **neutral**  
56. **frustrated**  
57. **happy**  
58. **neutral**  
59. **neutral**  
60. **neutral**  
61. **happy**  
62. **happy**  
63. **happy**  
64. **happy**  
65. **happy**  
66. **happy**  
67. **happy**  
68. **happy**  
69. **happy**  
70. **neutral**  
71. **neutral**
Here is the emotion for each numbered sentence:
1. neutral  
2. neutral  
3. neutral  
4. surprised  
5. angry  
6. frustrated  
7. angry  
8. frustrated  
9. angry  
10. frustrated  
11. angry  
12. neutral  
13. surprised  
14. neutral  
15. frustrated  
16. frustrated  
17. frustrated  
18. sad  
19. frustrated  
20. neutral  
21. neutral  
22. frustrated  
23. neutral  
24. frustrated  
25. frustrated  
26. frustrated  
27. frustrated  
28. angry  
29. neutral  
30. neutral  
31. neutral  
32. neutral  
33. sarcastic (excited)  
34. sarcastic (sad)  
35. sarcastic (neutral)  
36. sarcastic (happy)  
37. frustrated  
38. frustrated  
39. angry  
40. frustrated  
41. sarcastic (angry)  
42. angry  
43. frustrated  
44. angry  
45. angry  
46. neutral  
47. neutral  
48. angry  
49. angry  
50. angry  
51. frustrated  
52. angry  
53. frustrated  
54. sarcastic (frustrated)  
55. sarcastic (angry)  
56. angry  
57. angry  
58. sarcastic (frustrated)  
59. happy  
60. neutral  
61. neutral  
62. neutral  
63. frustrated  
64. neutral  
65. neutral  
66. frustrated  
67. frustrated  
68. angry  
69. angry  
70. frustrated  
71. angry  
72. angry  
73. neutral  
74. sarcastic (happy)  
75. angry  
76. angry  
77. angry  
78. surprised  
79. angry  
80. angry  
81. angry  
82. angry
1. neutral  
2. neutral  
3. neutral  
4. neutral  
5. surprised  
6. neutral  
7. neutral  
8. frustrated  
9. neutral  
10. neutral  
11. neutral  
12. surprised  
13. frustrated  
14. frustrated  
15. neutral  
16. frustrated  
17. frustrated  
18. frustrated  
19. frustrated  
20. neutral  
21. neutral  
22. neutral  
23. frustrated  
24. frustrated  
25. frustrated  
26. neutral  
27. angry  
28. neutral  
29. neutral  
30. neutral  
31. frustrated  
32. frustrated  
33. frustrated  
34. neutral  
35. neutral  
36. neutral  
37. neutral  
38. neutral  
39. frustrated  
40. angry  
41. angry  
42. angry  
43. angry  
44. neutral  
45. angry  
46. angry  
47. angry  
48. angry  
49. frustrated  
50. frustrated  
51. neutral  
52. frustrated  
53. neutral  
54. frustrated  
55. angry  
56. angry  
57. neutral  
58. angry  
59. neutral  
60. angry  
61. angry  
62. angry  
63. angry  
64. angry  
65. angry
"Based on the conversation context, here is the emotion for each sentence:"
1. neutral  
2. neutral  
3. sad  
4. frustrated  
5. neutral  
6. sad  
7. surprised  
8. surprised  
9. frustrated  
10. frustrated  
11. frustrated  
12. frustrated  
13. frustrated  
14. sad  
15. sad  
16. frustrated  
17. sad  
18. sad  
19. sad  
20. sad  
21. fear  
22. sad  
23. sad  
24. sad  
25. sad  
26. neutral  
27. neutral  
28. fear  
29. neutral  
30. fear  
31. neutral  
32. neutral  
33. neutral  
34. sad  
35. neutral  
36. neutral  
37. sad  
38. sad  
39. sad  
40. surprised  
41. sad  
42. fear  
43. sad  
44. fear  
45. fear  
46. sad  
47. happy  
48. happy
"Based on the analysis of each sentence in the conversation, the emotions are as follows:"
1. surprised  
2. surprised  
3. surprised  
4. surprised  
5. neutral  
6. neutral  
7. neutral  
8. fear  
9. neutral  
10. neutral  
11. excited  
12. excited  
13. neutral  
14. excited  
15. excited  
16. excited  
17. excited  
18. fear  
19. excited  
20. excited  
21. neutral  
22. excited  
23. happy  
24. excited  
25. neutral  
26. neutral  
27. happy  
28. excited  
29. neutral  
30. neutral  
31. excited  
32. excited  
33. excited  
34. fear  
35. happy  
36. neutral  
37. neutral  
38. neutral  
39. excited  
40. excited  
41. happy  
42. neutral  
43. excited  
44. excited  
45. excited  
46. excited  
47. excited  
48. excited  
49. happy  
50. happy  
51. neutral  
52. excited  
53. happy
"Based on the conversation, the emotions for each sentence are:"
1. neutral  
2. anger  
3. neutral  
4. frustrated  
5. frustrated  
6. neutral  
7. frustrated  
8. neutral  
9. frustrated  
10. neutral  
11. fear  
12. neutral  
13. anger  
14. fear  
15. anger  
16. frustrated  
17. neutral  
18. frustrated  
19. neutral  
20. neutral  
21. frustrated  
22. fear  
23. excited  
24. neutral  
25. neutral  
26. neutral  
27. neutral  
28. surprised  
29. fear  
30. neutral  
31. fear  
32. frustrated  
33. sad  
34. anger  
35. neutral  
36. frustrated  
37. neutral  
38. neutral  
39. frustrated  
40. frustrated  
41. frustrated  
42. frustrated  
43. sad  
44. frustrated  
45. frustrated  
46. neutral  
47. frustrated  
48. frustrated  
49. frustrated  
50. sad  
51. neutral  
52. neutral
"Based on the dialogical context, here is the emotion for each sentence:"
1.  neutral  
2.  frustrated  
3.  neutral  
4.  frustrated  
5.  neutral  
6.  neutral  
7.  surprised  
8.  frustrated  
9.  frustrated  
10. frustrated  
11. neutral  
12. angry  
13. angry  
14. frustrated  
15. frustrated  
16. frustrated  
17. frustrated  
18. angry  
19. neutral  
20. neutral  
21. neutral  
22. neutral  
23. frustrated  
24. neutral  
25. neutral  
26. neutral  
27. frustrated  
28. surprised  
29. frustrated  
30. frustrated  
31. frustrated  
32. neutral  
33. neutral  
34. sad  
35. sad  
36. neutral  
37. neutral  
38. neutral  
39. surprised  
40. neutral  
41. sad  
42. neutral  
43. fear  
44. neutral  
45. fear  
46. neutral  
47. neutral  
48. angry  
49. frustrated  
50. neutral  
51. sad  
52. neutral  
53. fear  
54. neutral  
55. frustrated  
56. neutral  
57. desperate  
58. neutral  
59. neutral  
60. neutral  
61. angry  
62. frustrated  
63. angry  
64. angry  
65. frustrated  
66. frustrated  
67. sarcastic (neutral*)  
68. frustrated  
69. frustrated  
70. sarcastic (neutral*)  
"\*Note: Sarcasm isn't a base emotion option. Labeled as neutral per the closest applicable choice, though context implies frustration/anger."
Based on the dialogical context:
1.  **neutral** (inquiry)  
2.  **sad** (hesitant admission)  
3.  **sad** (expression of feeling)  
4.  **neutral** (question)  
5.  **surprised** (reaction to lack of awareness)  
6.  **frustrated** (paused distress)  
7.  **frustrated** (emotional exhaustion)  
8.  **neutral** (reassurance)  
9.  **sad** (core revelation)  
10. **sad** (explanation of burden)  
11. **neutral** (acknowledgment)  
12. **sad** (further context)  
13. **neutral** (clarifying question)  
14. **surprised** (reaction to scale)  
15. **sad** (emotional summary)  
16. **neutral** (question)  
17. **sad** (direct answer)  
18. **sad** (analogy)  
19. **neutral** (question)  
20. **frustrated** (struggling to explain)  
21. **neutral** (confused question)  
22. **frustrated** (misunderstanding)  
23. **frustrated** (expressing confusion)  
24. **frustrated** (correcting/explaining)  
25. **surprised** (processing information)  
26. **sad** (metaphorical description)  
27. **neutral** (acknowledgment)  
28. **sad** (reflection)  
29. **neutral** (acknowledgment)  
30. **fear** (expression of existential unease)  
31. **neutral** (agreement)  
32. **sad** (existential reflection)  
33. **neutral** (acknowledgment)  
34. **neutral** (ambiguous)  
35. **neutral** (acknowledgment)  
36. **sad** (reflection on loss)  
37. **sad** (continuing reflection)  
38. **neutral** (observation)  
39. **sad** (emphasis)  
40. **neutral** (rephrased observation)  
41. **frustrated** (distracted/misheard)  
42. **sad** (agreement)  
43. **neutral** (reassurance)  
44. **sad** (positive remembrance)  
45. **neutral** (acknowledgment)  
46. **sad** (shared grief)  
47. **neutral** (acknowledgment)  
48. **sad** (acknowledging collective impact)  
49. **neutral** (acknowledgment)  
50. **neutral** (question)  
51. **neutral** (pausing)  
52. **sad** (answer)  
53. **neutral** (observation)  
54. **sad** (agreement)  
55. **neutral** (supportive statement)  
56. **sad** (grateful but pained agreement)  
57. **sad** (expression of disbelief)  
58. **neutral** (acknowledgment)  
59. **surprised** (expression of disbelief)  
60. **neutral** (gentle probing question)
"Based on the context and dialogical acts, here are the emotions for each line:"
1.  **excited** (Joey introduces his passion enthusiastically)  
2.  **neutral** (Fey gives a simple acknowledgment)  
3.  **excited** (Joey announces big news with enthusiasm)  
4.  **surprised** (Fey laughs and expresses disbelief)  
5.  **excited** (Joey reiterates with pride and asks for validation)  
6.  **excited** (Joey elaborates enthusiastically despite minor hesitation)  
7.  **neutral** (Fey gives a minimal response)  
8.  **neutral** (Fey repeats information flatly)  
9.  **surprised** (Fey expresses strong positive disbelief)  
10. **surprised** (Fey continues expressing amazement)  
11. **happy** (Joey agrees happily)  
12. **surprised** (Fey emphasizes disbelief about the extent)  
13. **excited** (Joey elaborates joyfully and seeks affirmation)  
14. **surprised** (Fey asks a detail-oriented question in disbelief)  
15. **neutral** (Joey gives an uncertain response)  
16. **neutral** (Fey gives practical advice)  
17. **happy** (Fey offers sincere congratulations)  
18. **happy** (Joey accepts thanks warmly)  
19. **neutral** (Joey states a practical preference)  
20. **neutral** (Fey gives a minimal acknowledgment)  
21. **neutral** (Fey makes a practical suggestion)  
22. **neutral** (Joey asks a straightforward question)  
23. **excited** (Joey engages optimistically with ideas)  
24. **neutral** (Fey repeats information flatly)  
25. **neutral** (Fey asks a clarifying question)  
"26. **neutral** (Fey gives practical advice, slightly hesitant)  "
27. **excited** (Joey jokes proudly)  
28. **neutral** (Joey answers a factual question)  
29. **neutral** (Fey states a practical opinion)  
30. **excited** (Joey jokes/imagines solutions playfully)  
31. **neutral** (Fey asks a clarifying question)  
32. **neutral** (Fey asks a factual question)  
33. **neutral** (Joey gives a logical answer)  
34. **neutral** (Fey states a fact)  
35. **neutral** (Joey clarifies details)  
36. **surprised** (Fey expresses mild disbelief at his uncertainty)  
37. **surprised** (Fey reiterates amazement)  
38. **surprised** (Fey asks an incredulous question)  
39. **neutral** (Joey gives a factual answer)  
40. **excited** (Joey asserts confidently)  
41. **surprised** (Fey asks a probing question in disbelief)  
42. **neutral** (Joey explains casually)  
43. **surprised** (Fey states disbelief)  
44. **excited** (Joey agrees positively)  
"45. **neutral** (Fey makes a comparison, tone ambiguous)  "
46. **frustrated** (Joey reacts defensively to perceived slight)  
47. **neutral** (Fey backtracks carefully)  
48. **frustrated** (Joey interprets her words negatively)  
49. **neutral** (Fey denies the negative interpretation)  
50. **frustrated** (Joey defends softball passionately)  
51. **frustrated** (Joey continues defending himself)  
52. **happy** (Fey reassures and congratulates sincerely)  
53. **excited** (Joey refocuses on the positive aspect)  
54. **frustrated** (Joey complains about a downside)  
55. **neutral** (Fey asks for confirmation)  
56. **neutral** (Joey confirms)  
57. **neutral** (Fey asks a general question)  
58. **neutral** (Joey gives a simple answer)  
59. **neutral** (Joey describes factually)  
60. **surprised** (Fey reacts with mild surprise)  
61. **surprised** (Fey expresses disbelief about fit)  
62. **neutral** (Joey acknowledges the difference calmly)  
63. **neutral** (Fey gives minimal acknowledgment)  
64. **neutral** (Incomplete thought)  
65. **neutral** (Fey suggests a role)  
66. **neutral** (Joey agrees)  
67. **happy** (Fey teases playfully)  
68. **excited** (Joey plays along with the joke)  
69. **excited** (Joey continues the playful bit)
1. fear  
2. neutral  
3. neutral  
4. neutral  
5. frustrated  
6. neutral  
7. frustrated  
8. neutral  
9. neutral  
10. neutral  
11. sad  
12. sad  
13. sad  
14. frustrated  
15. neutral  
16. sad  
17. neutral  
18. sad  
19. frustrated  
20. surprised  
21. frustrated  
22. neutral  
23. frustrated  
24. frustrated  
25. frustrated  
26. frustrated  
27. frustrated  
28. frustrated  
29. frustrated  
30. frustrated  
31. neutral  
32. frustrated  
33. neutral  
34. neutral  
35. neutral  
36. neutral  
37. neutral  
38. neutral  
39. frustrated  
40. frustrated  
41. neutral  
42. neutral  
43. frustrated  
44. neutral  
45. sad  
46. sad  
47. frustrated  
48. frustrated  
49. neutral  
50. anger  
51. neutral  
52. neutral  
53. neutral  
54. neutral  
55. frustrated  
56. frustrated  
57. frustrated  
58. frustrated  
59. frustrated  
60. neutral  
61. sad  
62. fear  
63. neutral  
64. neutral  
65. frustrated  
66. frustrated  
67. surprised  
68. neutral  
69. surprised  
70. neutral  
71. frustrated  
72. frustrated  
73. frustrated  
74. frustrated  
75. frustrated  
76. surprised  
77. frustrated  
78. sad  
79. sad  
80. sad  
81. neutral  
82. sad  
83. frustrated  
84. frustrated  
85. sad  
86. frustrated  
87. neutral
Based on the dialogical context:
1.  **frustrated** (Questioning motives with tension)  
2.  **neutral** (Logical explanation)  
"3.  **frustrated** (Skeptical, abrupt questioning)  "
4.  **neutral** (Reasonable defense)  
"5.  **frustrated** (Defensive, accusatory)  "
"6.  **anger** (Firm, dismissive declaration)  "
7.  **neutral** (Challenging assumption)  
"8.  **frustrated** (Insistent, vague assertion)  "
"9.  **frustrated** (Dismissive, exasperated)  "
10. **frustrated** (Demanding answers)  
11. **neutral** (Attempting to de-escalate)  
"12. **anger** (Defiant, protective statement)  "
13. **neutral** (Logical rebuttal)  
14. **frustrated** (Persistent suspicion)  
15. **neutral** (Skeptical questioning)  
"16. **sad** (Despairing conviction, ""darkest moments"")  "
17. **neutral** (Redirecting focus)  
18. **anger** (Protective warning)  
19. **frustrated** (Exasperated inquiry)  
20. **anger** (Commanding ultimatum)  
21. **neutral** (Pleading address)  
"22. **sad** (Desperate, self-destructive declaration)  "
23. **surprised** (Stunned reaction)  
"24. **fear** (Anxious, superstitious distress)  "
25. **neutral** (Calming directive)  
26. **fear** (Desperate plea with anxious justification)  
27. **neutral** (Calming directive)  
28. **neutral** (Repeated calming directive)  
"29. **fear** (Urgent, anxious pleading)  "
"30. **frustrated** (Confused, demanding clarification)  "
31. **neutral** (Observing physical state)  
32. **sad** (Helpless admission)  
"33. **frustrated** (Overwhelmed, confrontational demand)"
"Based on the context and dialogical acts, the emotions for each sentence are as follows:"
1. neutral  
2. neutral  
3. neutral  
4. happy  
5. neutral  
"6. happy (initial response is positive, despite the follow-up statement)  "
7. neutral  
8. neutral  
9. neutral  
10. neutral  
11. neutral  
12. neutral  
13. frustrated  
14. neutral  
15. surprised  
16. neutral  
17. neutral  
18. neutral  
19. happy  
20. happy  
21. happy  
22. sad  
23. neutral  
24. frustrated  
25. happy  
26. neutral  
27. neutral  
28. neutral  
29. neutral  
30. surprised  
31. happy  
32. frustrated  
33. frustrated  
34. excited  
35. happy  
36. frustrated  
37. happy  
38. neutral  
39. fear  
40. neutral  
41. fear  
42. neutral  
43. frustrated  
44. sad  
45. frustrated  
46. sad  
47. sad  
48. frustrated  
49. neutral  
50. neutral  
51. sad  
52. fear  
53. sad  
54. surprised  
55. sad  
56. sad  
57. sad  
58. sad  
59. sad  
60. sad  
61. sad  
62. sad  
63. frustrated  
64. sad  
65. neutral  
66. frustrated  
67. sad  
68. fear  
69. neutral  
70. happy  
71. happy  
72. happy  
73. happy  
74. excited  
75. happy
1. excited  
2. excited  
3. neutral  
4. excited  
5. neutral  
6. frustrated  
7. excited  
8. excited  
9. frustrated  
10. neutral  
11. neutral  
12. frustrated  
13. neutral  
14. neutral  
15. neutral  
16. frustrated  
17. happy  
18. frustrated  
19. excited  
20. neutral  
21. neutral  
22. frustrated  
23. neutral  
24. neutral  
25. frustrated  
26. excited  
27. happy  
28. neutral  
29. excited  
30. excited  
31. neutral  
32. neutral  
33. frustrated  
34. surprised  
35. frustrated  
36. frustrated  
37. frustrated  
38. frustrated  
39. frustrated  
40. frustrated  
41. excited  
42. frustrated  
43. neutral  
44. frustrated  
45. excited  
46. excited  
47. frustrated  
48. excited  
49. frustrated  
50. neutral  
51. frustrated  
52. excited  
53. excited  
54. neutral  
55. surprised  
56. neutral  
57. frustrated  
58. frustrated  
59. frustrated  
60. frustrated  
61. frustrated  
62. frustrated  
63. frustrated  
64. frustrated  
65. excited  
66. excited  
67. excited  
68. excited  
69. excited  
70. excited  
71. excited  
72. frustrated
"Based on the dialogue, here is the emotion for each line:"
1. neutral  
2. excited  
3. excited  
4. neutral  
5. frustrated  
6. neutral  
7. frustrated  
8. frustrated  
9. frustrated  
10. frustrated  
11. frustrated  
12. frustrated  
13. frustrated  
14. frustrated  
15. frustrated  
16. sad  
17. surprised  
18. sad  
19. frustrated  
20. anger  
21. neutral  
22. sad  
23. frustrated  
24. frustrated  
25. neutral  
26. frustrated  
27. frustrated  
28. neutral  
29. frustrated  
30. neutral  
31. frustrated  
32. sad  
33. neutral  
34. frustrated  
35. neutral  
36. frustrated  
37. sad  
38. frustrated  
39. neutral  
40. neutral  
41. neutral  
42. sad  
43. happy  
44. happy  
45. happy  
46. excited  
47. happy  
48. neutral  
49. neutral  
50. sad  
51. neutral  
52. neutral  
53. sad  
54. neutral  
55. sad  
56. neutral  
57. sad  
58. frustrated  
59. frustrated  
60. fear  
61. neutral  
62. frustrated  
63. neutral  
64. anger  
65. sad  
66. frustrated  
67. frustrated  
68. sad  
69. sad  
70. frustrated  
71. frustrated  
72. neutral  
73. frustrated  
74. neutral  
75. sad  
76. sad  
77. sad  
78. neutral  
79. neutral  
80. sad  
81. sad  
82. neutral  
83. sad  
84. happy  
85. neutral  
86. happy  
87. sad  
88. neutral  
89. happy  
90. neutral  
91. neutral  
92. happy  
93. excited  
94. surprised  
95. neutral  
96. happy  
97. neutral  
98. happy  
99. sad  
100. neutral  
101. excited  
102. neutral  
103. neutral
Based on contextual analysis:
1.  **surprised** (Exclamation reacting to an event)  
2.  **fear** (Anxious question about potential threat)  
3.  **neutral** (Contemplative statement)  
4.  **fear** (Reasoning under perceived threat)  
5.  **neutral** (Logical conclusion)  
6.  **fear** (Expression of uncertainty/danger)  
7.  **fear** (Seeking reassurance in a tense situation)  
8.  **happy** (Affectionate reassurance)  
9.  **neutral** (Resigned acceptance)  
10. **neutral** (Accepting inevitability)  
11. **neutral** (Conversational phone answer)  
12. **neutral** (Informative statement)  
13. **fear** (Physical reaction to fright)  
14. **fear** (Nervous reaction)  
15. **fear** (Unease)  
16. **fear** (Tension)  
17. **fear** (Tension)  
18. **fear** (Apprehensive question)  
19. **excited** (Playful suggestion)  
20. **excited** (Playful continuation)  
21. **excited** (Amused declaration)  
22. **neutral** (Pensive sound)  
23. **excited** (Amused reaction)  
24. **neutral** (Reflective observation)  
25. **neutral** (Agreeing sound)  
26. **happy** (Reflecting on happiness diminishing worries)  
27. **sad** (Pessimistic reflection on happiness)  
28. **sad** (Pleading against pessimism)  
29. **frustrated** (Asserting bleak viewpoint)  
30. **surprised** (Challenging a negative view of love)  
31. **frustrated** (Sarcastic agreement)  
32. **frustrated** (Exasperated questioning)  
33. **frustrated** (Defensive reaction to perceived mockery)  
34. **neutral** (Advice against seriousness)  
35. **frustrated** (Dismissive challenge)  
36. **frustrated** (Cynical assertion)  
37. **frustrated** (Cynical continuation)  
38. **sad** (Resigned acceptance of absurdity)  
39. **neutral** (Simple agreement)  
40. **sad** (Pessimistic question about love)  
41. **sad** (Self-deprecating agreement)  
42. **neutral** (Uncertain response)  
43. **sad** (Worried question about future conflict)  
44. **sad** (Resigned prediction of fading passion)  
45. **sad** (Doubtful question about the future)  
46. **neutral** (Conditional response)  
47. **sad** (Morbid hypothetical)  
48. **sad** (Morbid continuation)  
49. **excited** (Defiant declaration against sorrow)  
"50. **sad** (Serious, bleak observation)  "
51. **excited** (Defiantly mocking death)  
52. **frustrated** (Dismissive of partner's view)  
53. **frustrated** (Cynical generalization)  
54. **neutral** (Thoughtful sound)  
55. **excited** (Defiant call for enjoyment)  
56. **neutral** (Acknowledging sound)  
57. **happy** (Affectionate request)  
58. **surprised** (Sudden interjection/name correction)  
59. **excited** (Darkly humorous imagery)  
"60. **excited** (Playful, permissive declaration)  "
61. **happy** (Appreciative response)  
"62. **excited** (Playful, possessive permission)  "
63. **excited** (Playfully threatening possessiveness)  
64. **excited** (Nostalgic recollection)  
65. **neutral** (Clarifying question)  
66. **excited** (Specific nostalgic detail)  
67. **excited** (Amused recollection)  
68. **frustrated** (Negative memory)  
69. **frustrated** (Playful accusation)  
70. **neutral** (Reflective question)  
71. **neutral** (Informative answer)  
72. **excited** (Nostalgic comparison)  
73. **neutral** (Acknowledging sound)  
74. **neutral** (Adding detail to memory)  
75. **excited** (Amused recollection of intensity)  
76. **excited** (Amused recollection of absurdity)  
77. **excited** (Amused recollection)  
"78. **excited** (Amused, vivid recollection)  "
79. **neutral** (Reflective sound)  
80. **excited** (Amused conclusion)  
81. **excited** (Amused reaction)  
82. **neutral** (Reflective statement)  
83. **excited** (Amused self-criticism)  
84. **neutral** (Reflective assertion)  
85. **frustrated** (Dismissive denial of significance)
1. happy  
2. happy  
3. neutral  
4. neutral  
5. neutral  
6. neutral  
7. frustrated  
8. angry  
9. frustrated  
10. angry  
11. frustrated  
12. angry  
13. angry  
14. angry  
15. angry  
16. angry  
17. angry  
18. angry  
19. angry  
20. frustrated  
21. frustrated  
22. frustrated  
23. neutral  
24. neutral  
25. frustrated  
26. frustrated  
27. frustrated  
28. frustrated  
29. frustrated  
30. angry  
31. angry  
32. frustrated  
33. angry  
34. neutral  
35. neutral  
36. frustrated  
37. frustrated  
38. frustrated  
39. neutral  
40. angry  
41. angry  
42. angry  
43. angry  
44. angry  
45. angry  
46. angry  
47. angry  
48. angry  
49. angry  
50. angry  
51. angry  
52. angry  
53. angry  
54. angry  
55. angry  
56. angry  
57. angry  
58. angry  
59. angry  
60. angry  
61. angry  
62. angry  
63. angry  
64. frustrated  
65. angry  
66. frustrated  
67. frustrated  
68. frustrated  
69. frustrated  
70. angry  
71. angry  
72. angry  
73. angry  
74. angry  
75. angry  
76. angry  
77. frustrated  
78. angry  
79. angry  
80. angry  
81. angry  
82. angry  
83. frustrated  
84. angry  
85. angry  
86. angry
Based on the dialogical context:
1.  Joey - Hi. **(neutral)**  
"2.  Joey - . Okay.  Let me see here.  Um, we need--we need your original birth certificate. **(neutral)**  "
3.  Fey - . My--my original birth certificate?  But I don't carry that with me. **(surprised)**  
4.  Joey - . Right.  Well.  We still need it. **(neutral)**  
"5.  Fey - . Well, I have my driver's license, does that work? **(neutral)**  "
"6.  Joey - . No. no  Uh, no one told you that you needed your original birth certificate. **(frustrated)**  "
7.  Fey - . No it doesn't say it on the form. **(frustrated)**  
"8.  Fey - . I mean it just says that you need some form of identification, but it doesn't say what kind of identification. **(frustrated)**  "
9.  Fey - . I mean if I had known--I would have brought it. **(frustrated)**  
10. Joey - . um Sorry. **(neutral)**  
"11. Joey - . Okay.  Um, I'm sorry but I--I can't help you.  You're gonna have to go back and uh... **(frustrated)**  "
"12. Fey - . Look, I've been waiting in line for a really long time.  I mean, you've seen how long it is. **(frustrated)**  "
13. Fey - . It's lunch hour. **(frustrated)**  
14. Joey - . Right.  It's the D.M.V.. **(neutral)**  
"15. Joey - . I know, it gets long, but I can't do anything without your--do you have Social Security card, maybe? **(neutral)**  "
"16. Fey - . Well, no.  I mean, I don't carry my original documents with me because if those things get destroyed, then what do you, you know what I mean, like if I loose my wallet or something, I'll never have them again. **(frustrated)**  "
17. Fey - . I have my passport and I have my driver's license. And that's all I have. **(frustrated)**  
"18. Joey - . Alright, I don't know what to tell you right. **(frustrated)**  "
"19. Joey - . I think you're just gonna--you're gonna have to get 'em and then you can back and then, we'll help you out.  Maybe, we can- **(frustrated)**  "
"20. Fey - . But, isn't there anything you can do.  Can't you make an exception this one time?  My picture is on both of those identifications.  It's not like you don't know that it's me. **(frustrated)**  "
21. Joey - . I can't. **(frustrated)**  
22. Fey - . And I can give you my social-- **(frustrated)**  
"23. Joey - . I make an exception for you and I have to make an exception for everyone.  I mean, I-I've seen this before and I know it's frustrating, but there's nothing I can do. You just have to- **(frustrated)**  "
"24. Fey - . Well, I can give you my Social Security Number. **(frustrated)**  "
"25. Joey - . No, it's-- **(frustrated)**  "
26. Fey - . And I can tell you where I was born and what time and by who and what day. **(frustrated)**  
"27. Joey - . Okay.  But how do I--that's- that's not proof to me.  How do I know that, you know, that it's really you.  I need-- **(frustrated)**  "
28. Fey - . I can't go--I have to go back to work.  I don't have time to go back to my house and get all of that stuff and then get back in line and wait for another forty five minutes. **(frustrated)**  
"29. Joey - . Well, the weekends are not as busy.  Maybe you can uh, come and try to get here early-- **(neutral)**  "
"30. Fey - . Um, I have kids.  I have to take them places on the weekends.  I don't have time to come back here.  Please.  I really need you to help me. **(frustrated)**  "
31. Joey - . I can't.  There's nothing I can do.  I'm sorry. **(frustrated)**  
32. Fey - . Well.  [BREATHING] I just--I just don't.  I-I'm sorry that I'm standing here-- But I can't leave. I- **(sad)**  
33. Joey - . The line-- **(neutral)**  
"34. Fey - . I really need this done today.  As you can see, the deadline is almost up and I can't come back. **(frustrated)**  "
"35. Joey - . Ok, but you're right now you're holding up more people in line by standing here-- and letting **(frustrated)**  "
"36. Fey - . Well, why didn't the D.M.V. put that you needed your birth certificate on the application then? **(angry)**  "
"37. Joey - . I--when you're going to the D.M.V., you usually need pretty professional identification-- **(neutral)**  "
"38. Joey - . You know, Official documentation-- **(neutral)**  "
"39. Fey - . Yeah, but your birth certificate--I mean, who carries around their birth certificate?  Nobody does that. **(frustrated)**  "
"40. Joey - . No, but you come--you come to the D.M.V., it's something-- You should've- You should've figured-- **(frustrated)**  "
41. Fey - . With your driver's license and your passport.  Just like everybody else. **(frustrated)**  
"42. Joey - . But, without your drive--where-where- what about your identification without your driver's license?  I mean, you need--you needed something before then? **(frustrated)**  "
"43. Fey - . Who--you always use your driver's license.  I mean, you're not coming to the D.M.V. if you're not over sixteen and that's when you get your driver's license so you're never gonna need it anyway. **(frustrated)**  "
"44. Joey - . All right.  Well, um, you know, I'd love to help you, but--nothing I can do. **(frustrated)**  "
"45. Joey - . So, if you wanna go get your birth certificate, um, maybe come back--I don't--maybe you can talk to the person in the--in the front of line maybe.  I don't know. **(neutral)**  "
46. Fey - . Do you have a supervisor? **(frustrated)**  
47. Joey - . I am the supervisor.  So-- **(neutral)**  
"48. Fey - . Well, thank you very much.  You've been very helpful. **(angry)**"
"Based on the context of the conversation (a forced separation, likely due to military deployment, causing distress about parenting and the relationship), here are the emotions for each sentence:"
1.  **sad** (Resigned statement about impending departure)
2.  **frustrated** (Expressing disbelief and resistance to the necessity)
3.  **sad** (Expressing helplessness against an external force/government)
4.  **fear** (Expressing panic about inability to cope alone)
"5.  **neutral** (Attempting to reassure, matter-of-fact delivery)"
6.  **sad** (Expressing dependence and hopelessness without the partner)
"7.  **neutral** (Simple, factual denial of possibility)"
"8.  **frustrated** (Urging the other to find a solution, emphasizing the negative impact)"
"9.  **neutral** (Offering a practical, if limited, solution calmly)"
10. **neutral** (Suggesting a practical action calmly)
11. **sad** (Expressing the belief that alternatives won't suffice)
"12. **frustrated** (Desperately grasping at solutions, showing confusion and need)"
13. **neutral** (Stating the unavoidable reality/fact)
14. **sad** (Explaining the difficult necessity based on safety)
15. **sad** (Highlighting the painful significance of the mother's absence during growth)
16. **sad** (Listing specific painful milestones the mother will miss)
"17. **neutral** (Suggesting a coping mechanism calmly, though the content is sad)"
18. **fear** (Expressing deep uncertainty and feeling overwhelmed)
19. **neutral** (Making a direct request/statement of necessity)
20. **sad** (Acknowledging shared pain while trying to express resolve)
21. **frustrated** (Minimizing the other's sacrifice with a hint of bitterness)
22. **sad** (Expressing longing for an impossible togetherness)
23. **neutral** (Stating the primary reason for separation calmly/simply)
24. **fear** (Expressing specific fear about the partner's dangerous destination)
25. **sad** (Reiterating helplessness and lack of choice)
26. **sad** (Defeated acceptance of the inevitable)
"Based on the conversation context, here are the emotions for each sentence:"
1. excited  
2. neutral  
3. excited  
4. neutral  
5. excited  
6. neutral  
7. surprised  
8. excited  
9. happy  
10. excited  
11. neutral  
12. neutral  
13. neutral  
14. neutral  
15. excited  
16. surprised  
17. excited  
18. happy  
19. surprised  
20. neutral  
21. surprised  
22. neutral  
23. neutral  
24. happy  
25. neutral  
26. happy  
27. happy  
28. excited  
29. happy  
30. neutral  
31. neutral  
32. happy  
33. happy  
34. happy  
35. neutral  
36. neutral  
37. neutral  
38. happy  
39. excited  
40. neutral  
41. happy  
42. happy  
43. happy  
44. neutral  
45. happy  
46. happy  
47. excited  
48. happy  
49. surprised  
50. happy  
51. neutral  
52. happy  
53. happy  
54. happy  
55. neutral  
56. happy  
57. happy
Based on the context and emotional tone:
"1.  Joey - So, uh, so how's it been going? I mean, you have any needs or anything? (neutral)  "
    **neutral**
2.  Fey - . I'm--every lead that I get ends up just being a dead end. You know what I mean. People are sick of me calling-- (express)  
    **frustrated**
"3.  Joey - . No. You can't think that way. I mean it's good--it's good that you're--that you're calling, you know. you can't (directive)  "
    **neutral**
"4.  Fey - . Yeah, but it--I mean it's the same response you get over and over again. Like-- (express)  "
    **frustrated**
"5.  Fey - . Oh, we're not hiring at this time or thank you, we already have your information on file--We'll call you when we're ready. (express)  "
    **frustrated**
"6.  Joey - . Yeah--I know what you mean. I've gone through like similar stuff, but-- (responsive)  "
    **neutral**
"7.  Fey - . But, it's been so long, like--I mine as well just take a job at McDonald's. Like, I don't-- (express)  "
    **sad**
"8.  Joey - . No, come on. Don't [GARBAGE] (directive)  "
    **neutral**
"9.  Fey - . I just--I can't do it anymore. Like, it just takes it out of you-- (express)  "
    **sad**
"10. Joey - . I know. I know. It's hard, but you just--you gotta keep going. I mean, you've been going at it for so long, you know. Something is definitely going to come up. I-I know it will, because you're a good worker-- (directive)  "
    **neutral**
11. Fey - . I just keep getting rejected. I just keep getting rejected over and over and over again and it starts to make you feel like there must be something wrong with you that you can't get a job. (express)  
    **sad**
"12. Joey - . No. It's--I mean, it's competitive, you know. That's-That's what it is. that's what you gotta be is competitive. (directive)  "
    **neutral**
"13. Fey - . Yeah, but maybe--if just because it's competitive, like maybe I'm just not good enough. Maybe the level is here and I'm here and there's just no way I'm ever gonna do that-- (express)  "
    **sad**
"14. Joey - . There...There are plenty of people out there with--with like, good jobs, you know, that are a lot... (incomplete)  "
    **neutral**
15. Joey - . ...dumber than you. I mean they're a lot worse off than you. You are much better off than like a lot of those people in there. I know (responsive)  
    **neutral**
"16. Fey - . I didn't have like one of those starts, you know, like a family member who was already in the business or something you know that could like give me a helping hand. (express)  "
    **sad**
"17. Joey - . I know. It makes it harder. I mean it's definitely who you know in a lot of cases, but-- (responsive)  "
    **neutral**
"18. Fey - . It's just so frustrating. Like, I just--I just don't wanna do it anymore. You know? I just don't wanna like hit the pavement every single day with my resumes and going out there all the time. You know, it's just like-- (express)  "
    **frustrated**
"19. Joey - . But you gotta. Otherwise, what is--what's your other option? (directive)  "
    **neutral**
20. Fey - . I feel so worthless. (express)  
    **sad**
"21. Joey - . It's not worthless 'cause it's definitely gonna--it's definitely gonna pay off. I know it. I mean, I can--I've just--I've seen your work etiquette. You know, you're a good worker and... (directive)  "
    **neutral**
22. Joey - . ... and there's no reason that--that something won't come up like really soon. All right? So you just gotta-- (directive)  
    **neutral**
23. Fey - . And what would make you say that? There doesn't seem to be any indicators that anything's going to get better. (express)  
    **sad**
"24. Joey - . Because I know you. You know, and maybe once you get to know some more people, like talking to them and everything, they'll get to know you too and they'll realize they should've hired you three years ago. You know? but And- and they'll finally come around and believe me--it'll--you gotta- (directive)  "
    **neutral**
"25. Fey - . It's just really hard. I feel like their starting to get like a personal prejudice against me. You know what I mean? Like it's like suddenly it starts to feel like it's just you that they say no to and it's not that they're not taking applications and it's not that they're not hiring people, it's just you particularly they have some particular reason for just hating you. You know? (express)  "
    **frustrated**
"26. Joey - . Well maybe yeah, but maybe you get to that point where it's like you bug 'em and then they just don't wanna hear from you anymore, but you keep bugging them and bugging them and then it's gonna annoy them so much that they're gonna be like all right fine. you know (directive)  "
    **neutral**
27. Fey - . Or they'll never talk to me again. (express)  
    **fear**
"28. Joey - . Or, well, no. Okay. you -[GARBAGE] (incomplete)  "
    **neutral**
"29. Fey - . I-I just I think maybe I should try something else. I mean, I-I don't know. All growing up this is the only thing that I ever wanted to do and yet I can't. I'm not physically able apparently. I mean-- (express)  "
    **sad**
"30. Joey - . That obviously that's not true though. I mean, you've done this before. You've done all the work like this before, you know, and and you've gotten people saying oh, you're so good and like you know-- (directive)  "
    **neutral**
"31. Fey - . I guess the money shouldn't matter to me, but--Somehow it does. You know? It's not like I do it for the money, but (express)  "
    **frustrated**
32. Joey - . Right. (responsive)  
    **neutral**
"33. Joey - . Well, you've gotta live. (responsive)  "
    **neutral**
"34. Fey - . you have to--I mean, if you're hired by somebody, then you're not a professional, you're an amateur and that means that you're not good enough. (express)  "
    **frustrated**
"35. Joey - . I mean, it's just, it's really--I don't know, yeah, it's about their opinions and it's about, I don't know, just getting yourself out there and-- (incomplete)  "
    **neutral**
"36. Fey - . I just wanna crawl in a hole, you know. Like it just makes you not wanna even open your eyes in the morning. (express)  "
    **sad**
"37. Joey - . Well, come on, come on. Thinking about it like this is definitely not gonna help either though. (directive)  "
    **neutral**
38. Fey - . I don't know how to get out of it. I don't know how to dig myself out of it. It's the same hole that I've been digging and digging and digging. I can't-- (express)  
    **sad**
39. Joey - . I don't know. (responsive)  
    **neutral**
Based on the dialogical acts and contextual cues:
1.  **fear** (initial polite concern)  
"2.  **fear** (hesitant, defensive)  "
3.  **frustrated** (impatient insistence)  
4.  **fear** (nervous explanation)  
"5.  **anger** (challenging, escalating)  "
"6.  **fear** (apologetic, hesitant)  "
"7.  **anger** (disbelief, accusatory)  "
8.  **fear** (defensive justification)  
9.  **neutral** (procedural offer)  
"10. **anger** (demanding, skeptical)  "
11. **fear** (apprehensive offer)  
"12. **anger** (outraged, incredulous)  "
13. **neutral** (resigned apology)  
"14. **anger** (sarcastic, confrontational)  "
15. **neutral** (suggestive solution)  
"16. **frustrated** (sarcastic, desperate)  "
"17. **fear** (backpedaling, uncertain)  "
18. **frustrated** (desperate repetition)  
19. **frustrated** (accusatory questioning)  
20. **frustrated** (acknowledging stress)  
21. **anger** (direct accusation)  
22. **neutral** (formal explanation)  
23. **anger** (defiant interruption)  
24. **neutral** (policy restatement)  
25. **anger** (indignant refusal)  
26. **neutral** (final procedural stance)  
27. **frustrated** (resigned sarcasm)  
28. **neutral** (practical suggestion)  
29. **frustrated** (dismissive complaint)  
30. **neutral** (reiterating options)  
31. **frustrated** (pleading)  
32. **neutral** (interrupted suggestion)  
33. **frustrated** (urgent demands)  
34. **neutral** (reassuring procedure)  
35. **anger** (mocking sarcasm)  
36. **neutral** (attempted clarification)  
37. **neutral** (reassertion)  
38. **frustrated** (accusatory suggestion)  
39. **neutral** (administrative direction)  
40. **frustrated** (emotional emphasis)  
41. **frustrated** (hasty dismissal)  
42. **frustrated** (sarcastic acceptance)  
43. **neutral** (transactional)  
44. **frustrated** (sarcastic thanks)  
45. **frustrated** (intensified sarcasm)
Based on the conversation about loss and grief:
1.  **neutral** (Casual greeting)
2.  **sad** (Delivering tragic news)
3.  **surprised** (Reacting to shocking news)
4.  **sad** (Expressing sympathy)
5.  **sad** (Acknowledging anticipated loss)
6.  **sad** (Simple agreement in sad context)
7.  **sad** (Expressing disappointment/confusion over timing)
8.  **neutral** (Attempting to find a positive/silver lining)
9.  **sad** (Simple agreement in sad context)
10. **sad** (Acknowledging shared pain of loss)
11. **sad** (Expressing deep grief and denial)
12. **neutral** (Attempting comfort/reassurance)
13. **neutral** (Trying to focus on positive memories)
"14. **frustrated** (Hesitation, struggling for words)"
15. **sad** (Sharing a detail about the death)
16. **sad** (Sharing another detail about the death)
17. **neutral** (Attempting to find a positive/silver lining)
18. **neutral** (Continuing the attempt to find a positive)
19. **sad** (Expressing grief over lost potential)
20. **sad** (Continuing expression of grief over lost plans)
21. **neutral** (Trying to focus on the positive aspects of the life lived)
22. **sad** (Expressing grief mixed with a positive thought)
23. **neutral** (Agreeing and supporting the positive thought)
24. **neutral** (Encouraging a positive feeling about the deceased)
25. **sad** (Acknowledging positives but returning to grief)
26. **sad** (Acknowledging the reality of loss)
27. **neutral** (Offering future-focused reassurance)
28. **fear** (Expressing anxiety about forgetting)
29. **neutral** (Reassuring against the fear)
30. **sad** (Expressing grief over sensory loss)
31. **neutral** (Reassuring about memory and future pain reduction)
32. **fear** (Expressing anxiety about memory fading)
33. **neutral** (Offering reassurance about time healing)
34. **neutral** (Reiterating the silver lining perspective)
"35. **neutral** (Simple thanks, no strong emotion indicated)"
"Based on the conversation context, the emotions for each sentence are:"
1. neutral  
2. happy  
3. surprised  
4. excited  
5. neutral  
6. happy  
7. neutral  
8. surprised  
9. excited  
10. neutral  
11. excited  
12. happy  
13. happy  
14. happy  
15. neutral  
16. excited  
17. neutral  
18. excited  
19. excited  
20. happy  
21. happy  
22. excited  
23. excited  
24. happy  
25. happy  
26. neutral  
27. neutral  
28. happy  
29. happy  
30. neutral  
31. neutral  
32. neutral  
33. happy  
34. excited  
35. excited  
36. excited  
37. neutral  
38. excited  
39. happy  
40. neutral  
41. neutral  
42. happy  
43. neutral  
44. neutral  
45. happy  
46. neutral  
47. excited  
48. excited  
49. neutral  
50. excited  
51. neutral  
52. neutral  
53. happy  
54. excited  
55. neutral  
56. happy  
57. neutral  
58. happy  
59. excited  
60. neutral  
61. happy  
62. neutral  
63. excited  
64. excited  
65. happy  
66. happy  
67. happy  
68. excited  
69. excited  
70. excited  
71. neutral  
72. neutral
"Based on the conversation, the emotions for each sentence are as follows:"
1. frustrated  
2. neutral  
3. neutral  
4. neutral  
5. neutral  
6. happy  
7. happy  
8. happy  
9. surprised  
10. neutral  
11. neutral  
12. neutral  
13. happy  
14. neutral  
15. neutral  
16. neutral  
17. neutral  
18. neutral  
19. neutral  
20. neutral  
21. neutral  
22. neutral  
23. neutral  
24. neutral  
25. neutral  
26. neutral  
27. neutral  
28. neutral  
29. neutral  
30. neutral  
31. neutral  
32. neutral  
33. neutral  
34. neutral  
35. neutral  
36. neutral  
37. neutral  
38. neutral  
39. happy  
40. neutral  
41. neutral  
42. happy  
43. neutral  
44. neutral
"Based on the context of the conversation, the emotions for each sentence are as follows:  "
1. fear  
2. neutral  
3. surprised  
4. neutral  
5. neutral  
6. neutral  
7. surprised  
8. neutral  
9. neutral  
10. neutral  
11. sad  
12. surprised  
13. fear  
14. sad  
15. frustrated  
16. surprised  
17. frustrated  
18. frustrated  
19. frustrated  
20. frustrated  
21. frustrated  
22. frustrated  
23. frustrated  
24. frustrated  
25. anger  
26. sad  
27. neutral  
28. frustrated  
29. neutral  
30. neutral  
31. neutral  
32. neutral  
33. neutral  
34. neutral  
35. frustrated  
36. neutral  
37. neutral  
38. neutral  
39. fear  
40. frustrated  
41. neutral  
42. anger  
43. frustrated  
44. frustrated  
45. fear  
46. sad  
47. sad  
48. neutral  
49. anger  
50. neutral  
51. neutral  
52. fear  
53. frustrated  
54. frustrated  
55. frustrated  
56. frustrated  
57. frustrated  
58. frustrated  
59. frustrated  
60. neutral  
61. frustrated  
62. fear  
63. fear  
64. sad  
65. neutral  
66. frustrated  
67. frustrated  
68. surprised  
69. frustrated  
70. surprised  
71. anger  
72. fear  
73. frustrated  
74. frustrated  
75. neutral  
76. neutral  
77. fear  
78. neutral  
79. fear  
80. neutral  
81. sad  
82. neutral  
83. fear  
84. frustrated  
85. sad  
86. neutral  
87. neutral
"Based on the context and dialogical acts, the emotions for each sentence are as follows:"
1.  **frustrated** (Fey questions the sudden change after years)  
2.  **neutral** (Joey offers a calm suggestion)  
3.  **frustrated** (Fey dismisses the idea with skepticism)  
4.  **frustrated** (Joey challenges Fey defensively)  
5.  **frustrated** (Joey reacts defensively to Fey's look)  
"6.  **frustrated** (Fey cuts off, showing agitation)  "
7.  **frustrated** (Joey questions Fey's assumption argumentatively)  
8.  **frustrated** (Fey insists adamantly)  
9.  **frustrated** (Fey reinforces her point with irritation)  
10. **frustrated** (Joey responds dismissively)  
11. **frustrated** (Fey demands an explanation)  
12. **neutral** (Joey attempts to redirect calmly)  
13. **frustrated** (Fey asserts emphatically)  
14. **frustrated** (Joey counters Fey's claim)  
15. **frustrated** (Fey vents rhetorical questions impatiently)  
16. **frustrated** (Joey challenges Fey again)  
17. **frustrated** (Fey insists passionately)  
18. **neutral** (Joey tries to de-escalate)  
19. **angry** (Fey accuses with intensity)  
20. **frustrated** (Joey responds exasperatedly)  
21. **angry** (Fey commands fiercely)  
22. **neutral** (Joey starts to interject calmly)  
23. **fear** (Fey expresses desperate vulnerability)  
"24. **fear** (Fey connects events superstitiously, panicked)  "
25. **neutral** (Joey urges calm)  
26. **fear** (Fey pleads anxiously)  
27. **neutral** (Joey repeats a calming phrase)  
28. **fear** (Fey cites evidence with anxiety)  
29. **neutral** (Joey reassures flatly)  
30. **fear** (Fey implores desperately)  
31. **surprised** (Joey reacts with shock)  
32. **fear** (Fey begs anxiously)  
33. **surprised** (Joey presses with confusion)  
34. **neutral** (Joey observes factually)  
35. **fear** (Fey admits helpless distress)  
36. **angry** (Joey lashes out heatedly)
"Based on the dialogical context, here is the emotion for each numbered sentence:"
1.  neutral
2.  happy
3.  neutral
4.  frustrated
5.  neutral
6.  frustrated
7.  neutral
8.  frustrated
9.  frustrated
10. neutral
11. neutral
12. neutral
13. surprised
14. happy
15. excited
16. sad
17. sad
18. frustrated
19. happy
20. sad
21. neutral
22. surprised
23. neutral
24. surprised
25. sad
26. frustrated
27. frustrated
28. excited
29. excited
30. angry
31. happy
32. frustrated
33. neutral
34. surprised
35. excited
36. fear
37. neutral
38. frustrated
39. sad
40. frustrated
41. sad
42. frustrated
43. sad
44. neutral
45. sad
46. surprised
47. sad
48. sad
49. sad
50. sad
51. sad
52. neutral
53. neutral
54. frustrated
55. sad
56. frustrated
57. sad
58. neutral
59. excited
60. happy
61. neutral
62. excited
63. happy
"Based on the context and dialogical acts, here is the emotion for each sentence:"
1.  neutral  
2.  excited  
3.  frustrated  
4.  neutral  
5.  neutral  
6.  frustrated  
7.  frustrated  
8.  frustrated  
9.  neutral  
10. frustrated  
11. neutral  
12. surprised  
13. neutral  
14. neutral  
15. angry  
16. frustrated  
17. frustrated  
18. neutral  
19. neutral  
20. frustrated  
21. excited  
22. frustrated  
23. neutral  
24. neutral  
25. neutral  
26. frustrated  
27. frustrated  
28. frustrated  
29. neutral  
30. frustrated  
31. frustrated  
32. frustrated  
33. frustrated  
34. neutral  
35. neutral  
36. frustrated  
37. excited  
38. excited  
39. frustrated  
40. excited  
41. excited  
42. frustrated  
43. neutral  
44. neutral  
45. excited  
46. frustrated  
47. neutral  
48. surprised  
49. neutral  
50. frustrated  
51. excited  
52. frustrated  
53. neutral  
54. neutral  
55. excited  
56. frustrated  
57. excited  
58. excited  
59. excited  
60. excited  
61. excited  
62. excited  
63. excited  
64. neutral  
65. neutral  
66. neutral  
67. neutral  
68. frustrated
Based on the emotional tone and content of each sentence:
1.  **neutral** (Open-ended question)
2.  **neutral** (Clarifying question)
3.  **neutral** (Prompting)
"4.  **frustrated** (Dismissive, negative judgment)"
"5.  **frustrated** (Defensive, argumentative)"
"6.  **frustrated** (Cynical, dismissive)"
7.  **frustrated** (Defensive justification)
"8.  **frustrated** / **sad** (Cynical, disillusioned)"
"9.  **frustrated** (Confused, seeking alignment)"
10. **neutral** (Matter-of-fact statement)
"11. **frustrated** (Provocative, insensitive question)"
"12. **anger** (Strong reaction, explicit statement of hate/insult)"
13. **frustrated** (Asking about the problem)
14. **neutral** / **sad** (Explaining the core issue calmly)
15. **neutral** (Stating a simple plan)
16. **frustrated** (Dismissive certainty)
17. **neutral** (Simple question)
"18. **frustrated** / **sad** (Rhetorical, highlighting repeated failure)"
19. **frustrated** (Defensive correction)
20. **frustrated** (Argumentative correction)
21. **neutral** / **hopeful** (Simple assertion)
"22. **frustrated** (Dismissive certainty, cynical comparison)"
23. **sad** (Metaphorical expression of deep disappointment/life disillusionment)
24. **neutral** / **confused** (Seeking clarification)
25. **frustrated** (Accusation of misunderstanding)
26. **frustrated** / **sarcastic** (Sarcastic agreement)
27. **sad** (Expressing repeated disappointment)
28. **frustrated** (Minimizing her feelings)
29. **frustrated** (Correcting his misunderstanding)
30. **frustrated** (Trying to analyze the problem)
31. **neutral** (Recalling events)
32. **neutral** (Recalling events)
33. **neutral** (Recalling events)
34. **sad** / **nostalgic** (Reflecting on a past memory)
"35. **sad** / **nostalgic** (Continuing reflective, happy memory now tinged with sadness)"
"36. **sad** / **nostalgic** (Continuing reflective, intimate memory)"
37. **sad** (Reflecting on past happiness and lost expectation)
38. **excited** (Sudden realization/eureka moment)
39. **sad** / **nostalgic** (Continuing reflective memory)
"40. **excited** / **surprised** (Having a realization, connecting dots)"
41. **excited** (Confident he understands her)
"42. **sad** (Resigned, avoiding hope/memory)"
43. **neutral** / **hopeful** (Offering a solution based on his realization)
44. **neutral** (Simple negation)
45. **neutral** (Offering solution)
46. **neutral** (Simple negation)
47. **neutral** (Offering solution)
48. **neutral** (Strong negation)
49. **frustrated** (Exasperated question)
50. **neutral** (Simple negation)
"51. **frustrated** (Exasperated, sarcastic offer)"
52. **neutral** (Simple negation)
"53. **frustrated** / **surprised** (Exasperated, escalating suggestion)"
54. **neutral** (Simple negation)
55. **frustrated** (Rapid-fire exasperated offers)
56. **neutral** (Simple negation)
"57. **anger** / **frustrated** (Angry, exasperated outburst)"
58. **sad** (Expressing core desire for unmet expectations)
"59. **frustrated** / **sad** (Cynical, shared disillusionment)"
60. **sad** / **frustrated** (Expressing disappointment in reality)
"61. **sad** / **frustrated** (Expressing lost naive expectations, cynicism)"
62. **frustrated** (Emphatic statement of disappointing reality)
63. **sad** / **frustrated** (Dismissing the current reality as meaningless)
64. **neutral** (Simple affirmation)
"65. **sad** (Defining the disappointing ""this"")"
66. **neutral** (Simple agreement)
67. **sad** (Acknowledging reality vs. expectation)
68. **sad** (Agreeing with her sadness)
69. **sad** / **frustrated** (Struggling to articulate deep disappointment)
70. **neutral** (Stating effort)
"71. **neutral** / **sad** (Acknowledgement, slightly conciliatory)"
72. **sad** (Acknowledging his effort but expressing her own feelings)
"73. **sad** (Vulnerable, insecure suggestion)"
74. **neutral** (Correction)
"75. **sad** (Self-doubt, expressing perceived failure)"
76. **neutral** / **reassuring** (Affirmation of commitment)
77. **neutral** (Seeking confirmation)
78. **frustrated** (Dismissive of his insecurity)
79. **sad** / **insecure** (Projecting insecurity onto him)
80. **neutral** (Playful denial)
81. **neutral** / **resigned** (Accepting conclusion)
82. **neutral** / **appreciative** (Finding a positive)
83. **neutral** / **appreciative** (Noting beauty calmly)
84. **neutral** (Observation)
85. **surprised** / **happy** (Pleasant discovery)
86. **neutral** (Statement of fact)
87. **happy** / **playful** (Finding a positive/upside)
88. **neutral** (Concerned question)
"89. **neutral** / **accepting** (Conceding, shifting perspective)"
90. **sad** (Apology)
91. **neutral** (Gentle suggestion)
92. **neutral** (Realistic/accepting)
93. **neutral** (Agreeing/accepting)
"Based on the context and dialogical acts, here is the emotion for each sentence:"
1. surprised  
2. fear  
3. neutral  
4. neutral  
5. neutral  
6. fear  
7. happy  
8. happy  
9. happy  
10. sad  
11. surprised  
12. fear  
13. fear  
14. excited  
15. excited  
16. excited  
17. happy  
18. sad  
19. sad  
20. sad  
21. surprised  
22. neutral  
23. frustrated  
24. frustrated  
25. frustrated  
26. neutral  
27. anger  
28. anger  
29. neutral  
30. neutral  
31. sad  
32. neutral  
33. sad  
34. sad  
35. sad  
36. neutral  
37. sad  
38. excited  
39. frustrated  
40. excited  
41. frustrated  
42. happy  
43. excited  
44. excited  
45. happy  
46. happy  
47. happy  
48. neutral  
49. neutral  
50. neutral  
51. happy  
52. sad  
53. frustrated  
54. neutral  
55. neutral  
56. neutral  
57. neutral  
58. happy  
59. sad  
60. neutral  
61. excited  
62. happy  
63. happy  
64. neutral  
65. happy  
66. neutral
"Based on the escalating conflict and accusatory language throughout the conversation, here are the emotions for each line:"
1.  anger
2.  frustrated
3.  frustrated
4.  frustrated
5.  anger
6.  frustrated
7.  frustrated
8.  neutral
9.  anger
10. anger
11. surprised
12. anger
13. frustrated
14. frustrated
15. frustrated
16. frustrated
17. neutral
18. neutral
19. neutral
20. frustrated
21. frustrated
22. frustrated
23. frustrated
24. frustrated
25. anger
26. anger
27. frustrated
28. frustrated
29. frustrated
30. frustrated
31. frustrated
32. sad
33. neutral
34. neutral
35. frustrated
36. frustrated
37. anger
38. frustrated
39. frustrated
40. anger
41. frustrated
42. frustrated
43. frustrated
44. frustrated
45. frustrated
46. frustrated
47. anger
48. anger
49. anger
50. anger
51. anger
52. frustrated
53. frustrated
54. frustrated
55. frustrated
56. anger
57. frustrated
58. frustrated
59. neutral
60. frustrated
61. neutral
62. neutral
63. neutral
64. neutral
65. neutral
66. frustrated
67. neutral
68. frustrated
69. anger
70. frustrated
71. frustrated
72. anger
73. anger
74. frustrated
75. anger
76. frustrated
77. anger
78. anger
79. anger
80. anger
81. anger
82. anger
83. anger
84. anger
85. anger
86. anger
87. anger
88. anger
"Based on the conversation context and dialogical acts, the emotions for each sentence are:"
1. frustrated  
2. neutral  
3. frustrated  
4. neutral  
5. neutral  
6. neutral  
7. neutral  
8. neutral  
9. surprised  
10. neutral  
11. neutral  
12. neutral  
13. frustrated  
14. neutral  
15. frustrated  
16. neutral  
17. frustrated  
18. neutral  
19. frustrated  
20. neutral  
21. neutral  
22. angry  
23. neutral  
24. frustrated  
25. neutral  
26. frustrated  
27. neutral  
28. frustrated  
29. neutral  
30. angry  
31. neutral  
32. frustrated  
33. neutral  
34. frustrated  
35. neutral  
36. angry  
37. neutral  
38. angry  
39. neutral  
40. neutral  
41. angry  
42. neutral  
43. frustrated  
44. neutral  
45. neutral  
46. frustrated  
47. angry  
48. neutral
"Based on the dialogue and context, here is the emotion for each numbered sentence:"
1.  **sad** (Expressing loneliness and difficulty)
2.  **fear** (Fear of being a single parent)
3.  **neutral** (Reassuring statement)
"4.  **frustrated** (Interrupted thought, sense of opposition)"
"5.  **frustrated** (Interrupted thought, sense of opposition)"
6.  **fear** (Fear of danger)
"7.  **frustrated** (Downplaying danger, resigned tone)"
8.  **happy** (Painting a hopeful future)
"9.  **sad** (Resigned, doubtful hope)"
10. **happy** (Painting a hopeful future)
"11. **sad** (Resigned, doubtful hope)"
12. **neutral** (Lead-in to instruction)
13. **sad** (Anticipating hardship)
14. **neutral** (Instruction/request)
15. **neutral** (Practical statement)
16. **sad** (Expressing distress about separation)
17. **sad** (Expressing distress about separation)
18. **fear** (Worry for safety)
"19. **fear** (Worry for safety, seeking alternatives)"
"20. **frustrated** (Rejecting suggestion, explaining limitations)"
21. **neutral** (Reassuring statement)
22. **frustrated** (Anger/confusion about the war)
23. **frustrated** (Resigned acceptance)
24. **neutral** (Explaining duty/resignation)
25. **neutral** (Reassuring statement)
26. **neutral** (Practical question seeking reassurance)
27. **neutral** (Practical answer)
28. **sad** (Expressing how much he'll miss her)
"29. **fear** / **frustrated** (Fear for baby's need, pleading)"
30. **neutral** / **reassuring** (Reassuring statement)
31. **sad** (Expressing how much he'll miss them)
32. **sad** (Expressing how much she'll miss him)
1. excited  
2. excited  
3. happy  
4. neutral  
5. happy  
6. excited  
7. happy  
8. surprised  
9. fear  
10. neutral  
11. happy  
12. excited  
13. neutral  
14. surprised  
15. excited  
16. happy  
17. neutral  
18. happy  
19. neutral  
20. happy  
21. happy  
22. surprised  
23. happy  
24. excited  
25. happy  
26. excited  
27. happy  
28. happy  
29. happy  
30. excited  
31. happy  
32. excited  
33. happy  
34. neutral  
35. happy  
36. excited  
37. happy  
38. neutral  
39. happy  
40. excited  
41. happy  
42. happy  
43. excited  
44. neutral  
45. neutral  
46. happy  
47. happy  
48. excited  
49. happy  
50. happy  
51. happy  
52. excited  
53. happy  
54. excited  
55. happy  
56. excited  
57. happy  
58. excited  
59. happy
"Based on the conversation, here is the emotion for each numbered sentence:"
1. frustrated  
2. frustrated  
3. neutral  
4. frustrated  
5. neutral  
6. frustrated  
7. neutral  
8. frustrated  
9. neutral  
10. frustrated  
11. sad  
12. neutral  
13. frustrated  
14. frustrated  
15. neutral  
16. sad  
17. neutral  
18. frustrated  
19. neutral  
20. sad  
21. sad  
22. sad  
23. frustrated  
24. sad  
25. sad  
26. sad  
27. neutral  
28. neutral  
29. neutral  
30. frustrated  
31. neutral  
32. sad  
33. neutral  
34. neutral  
35. frustrated  
36. neutral  
37. neutral  
38. neutral  
39. neutral
"Based on the context, here is the emotion for each numbered sentence:"
1.  frustrated  
2.  neutral  
3.  neutral  
4.  neutral  
5.  neutral  
6.  frustrated  
7.  neutral  
8.  neutral  
9.  surprised  
10. neutral  
11. frustrated  
12. neutral  
13. frustrated  
14. neutral  
15. sad  
16. neutral  
17. frustrated  
18. neutral  
19. frustrated  
20. frustrated  
21. neutral  
22. surprised  
23. neutral  
24. neutral  
25. frustrated  
26. frustrated  
27. neutral  
28. surprised  
29. neutral  
30. angry  
31. neutral  
32. neutral  
33. angry  
34. angry  
35. neutral  
36. frustrated  
37. frustrated  
38. neutral  
39. neutral  
40. angry  
41. neutral  
42. angry  
43. neutral  
44. frustrated  
45. angry  
46. neutral  
47. angry  
48. neutral  
49. neutral  
50. angry  
51. angry  
52. neutral  
53. neutral  
54. angry  
55. frustrated  
56. neutral
"Based on the context of grief and loss throughout the conversation, here is the emotion for each line:"
1.  sad
2.  neutral
3.  sad
4.  sad
5.  sad
6.  sad
7.  neutral
8.  neutral
9.  neutral
10. sad
11. neutral
12. sad
13. neutral (attempting comfort)
14. frustrated/sad (interrupted thought)
15. sad
16. sad
17. sad
18. sad
19. sad
20. neutral
21. sad
22. neutral (attempting comfort)
23. sad
24. neutral (concerned inquiry)
25. frustrated
26. frustrated
27. sad
28. neutral (comforting)
29. neutral (appreciative)
30. neutral
31. neutral
32. neutral (concerned)
33. sad
34. neutral
35. sad
36. neutral (grateful)
37. neutral
"Based on the conversation context, here is the emotion for each sentence:"
1.  neutral  
2.  neutral  
3.  excited  
4.  neutral  
5.  happy  
6.  excited  
7.  excited  
8.  happy  
9.  happy  
10. excited  
11. happy  
12. happy  
13. excited  
14. excited  
15. happy  
16. neutral  
17. neutral  
18. neutral  
19. happy  
20. happy  
21. excited  
22. neutral  
23. happy  
24. happy  
25. happy  
26. happy  
27. excited  
28. excited  
29. neutral  
30. excited  
31. excited  
32. excited  
33. surprised  
34. happy  
35. happy  
36. happy  
37. excited  
38. excited  
39. neutral  
40. neutral  
41. neutral  
42. neutral  
43. happy  
44. excited  
45. neutral  
46. excited  
47. excited  
48. happy  
49. excited  
50. happy  
51. happy  
52. excited  
53. neutral  
54. excited  
55. happy  
56. excited  
57. excited  
58. happy  
59. excited
"Based on the conversation context, here are the emotions for each sentence:"
1. neutral  
2. surprised  
3. neutral  
4. neutral  
5. frustrated  
6. neutral  
7. frustrated  
8. frustrated  
9. neutral  
10. happy  
11. neutral  
12. neutral  
13. neutral  
14. neutral  
15. fear  
16. fear  
17. neutral  
18. neutral  
19. neutral  
20. fear  
21. neutral  
22. neutral  
23. neutral  
24. neutral  
25. neutral  
26. happy  
27. neutral  
28. neutral  
29. neutral  
30. neutral  
31. neutral  
32. neutral  
33. fear  
34. neutral  
35. neutral  
36. neutral  
37. fear  
38. neutral  
39. neutral  
40. neutral  
41. neutral  
42. surprised  
43. neutral  
44. happy  
45. neutral  
46. neutral  
47. neutral  
48. neutral  
49. neutral  
50. happy  
51. neutral  
52. neutral  
53. neutral  
54. neutral  
55. neutral  
56. happy  
57. neutral  
58. neutral  
59. happy  
60. neutral  
61. happy  
62. happy
"Based on the conversation, here is the emotion for each sentence, chosen from anger, excited, fear, frustrated, happy, neutral, sad, or surprised:"
1. surprised  
2. neutral  
3. neutral  
4. neutral  
5. surprised  
6. neutral  
7. neutral  
8. neutral  
9. fear  
10. neutral  
11. fear  
12. neutral  
13. sad  
14. sad  
15. surprised  
16. frustrated  
17. neutral  
18. frustrated  
19. frustrated  
20. frustrated  
21. frustrated  
22. fear  
23. frustrated  
24. frustrated  
25. anger  
26. frustrated  
27. neutral  
28. anger  
29. neutral  
30. neutral  
31. neutral  
32. neutral  
33. excited  
34. frustrated  
35. frustrated  
36. frustrated  
37. neutral  
38. fear  
39. frustrated  
40. neutral  
41. anger  
42. fear  
43. frustrated  
44. fear  
45. sad  
46. sad  
47. neutral  
48. anger  
49. neutral  
50. neutral  
51. fear  
52. neutral  
53. frustrated  
54. frustrated  
55. neutral  
56. frustrated  
57. frustrated  
58. frustrated  
59. neutral  
60. frustrated  
61. fear  
62. fear  
63. neutral  
64. neutral  
65. sad  
66. frustrated  
67. surprised  
68. neutral  
69. anger  
70. anger  
71. fear  
72. neutral  
73. frustrated  
74. neutral  
75. fear  
76. neutral  
77. fear  
78. neutral  
79. sad  
80. neutral  
81. fear  
82. frustrated  
83. sad  
84. neutral  
85. anger
"Based on the context and dialogical acts, here is the emotion for each numbered sentence:"
1. frustrated  
2. neutral  
3. frustrated  
4. neutral  
5. frustrated  
6. neutral  
7. frustrated  
8. anger  
9. neutral  
10. frustrated  
11. neutral  
12. fear  
13. neutral  
14. frustrated  
15. neutral  
16. frustrated  
17. neutral  
18. fear  
19. neutral  
20. anger  
21. neutral  
22. anger  
23. neutral  
24. fear  
25. fear  
26. neutral  
27. fear  
28. neutral  
29. fear  
30. neutral  
31. fear  
32. surprised  
33. fear  
34. frustrated  
35. neutral  
36. sad  
37. frustrated
"Based on the context and emotional cues in each sentence, here's the emotion for each line:"
1. **neutral**  
2. **frustrated**  
3. **neutral**  
4. **happy**  
5. **fear**  
6. **sad**  
7. **neutral**  
8. **frustrated**  
9. **surprised**  
10. **frustrated**  
11. **neutral**  
12. **sad**  
13. **frustrated**  
14. **neutral**  
15. **neutral**  
16. **neutral**  
17. **excited**  
18. **happy**  
19. **excited**  
20. **neutral**  
21. **frustrated**  
22. **fear**  
23. **happy**  
24. **fear**  
25. **neutral**  
26. **neutral**  
27. **neutral**  
28. **surprised**  
29. **happy**  
30. **frustrated**  
31. **frustrated**  
32. **excited**  
33. **excited**  
34. **anger**  
35. **excited**  
36. **frustrated**  
37. **neutral**  
38. **frustrated**  
39. **excited**  
40. **fear**  
41. **neutral**  
42. **frustrated**  
43. **sad**  
44. **frustrated**  
45. **frustrated**  
46. **frustrated**  
47. **sad**  
48. **neutral**  
49. **sad**  
50. **neutral**  
51. **sad**  
52. **sad**  
53. **sad**  
54. **sad**  
55. **sad**  
56. **sad**  
57. **frustrated**  
58. **sad**  
59. **sad**  
60. **sad**  
61. **fear**  
62. **excited**  
63. **happy**  
64. **frustrated**  
65. **excited**  
66. **happy**
"Based on the dialogical context, here are the emotions for each sentence:"
1.  neutral
2.  excited
3.  fear
4.  neutral
5.  neutral
6.  frustrated
7.  neutral
8.  frustrated
9.  neutral
10. frustrated
11. neutral
12. neutral
13. neutral
14. neutral
15. frustrated
16. frustrated
17. frustrated
18. neutral
19. neutral
20. frustrated
21. frustrated
22. frustrated
23. neutral
24. neutral
25. neutral
26. sad
27. frustrated
28. sad
29. neutral
30. frustrated
31. frustrated
32. neutral
33. frustrated
34. neutral
35. neutral
36. frustrated
37. excited
38. excited
39. frustrated
40. excited
41. excited
42. frustrated
43. neutral
44. neutral
45. excited
46. excited
47. neutral
48. neutral
49. neutral
50. frustrated
51. excited
52. sad
53. neutral
54. neutral
55. excited
56. frustrated
57. excited
58. excited
59. excited
60. excited
61. excited
62. excited
63. excited
64. neutral
65. neutral
66. neutral
67. neutral
68. frustrated
"Based on the conversation context, here are the emotions for each sentence:"
1. neutral  
2. neutral  
3. neutral  
4. frustrated  
5. neutral  
6. frustrated  
7. neutral  
8. frustrated  
9. neutral  
10. frustrated  
11. neutral  
12. anger  
13. neutral  
14. neutral  
15. neutral  
16. frustrated  
17. neutral  
18. frustrated  
19. neutral  
20. frustrated  
21. neutral  
22. frustrated  
23. sad  
24. neutral  
25. frustrated  
26. frustrated  
27. sad  
28. neutral  
29. frustrated  
30. neutral  
31. neutral  
32. neutral  
33. neutral  
34. sad  
35. happy  
36. happy  
37. happy  
38. surprised  
39. happy  
40. neutral  
41. excited  
42. sad  
43. neutral  
44. frustrated  
45. neutral  
46. frustrated  
47. neutral  
48. frustrated  
49. frustrated  
50. frustrated  
51. frustrated  
52. frustrated  
53. frustrated  
54. frustrated  
55. frustrated  
56. frustrated  
57. anger  
58. sad  
59. anger  
60. anger  
61. sad  
62. anger  
63. frustrated  
64. neutral  
65. sad  
66. neutral  
67. sad  
68. sad  
69. sad  
70. neutral  
71. neutral  
72. sad  
73. sad  
74. neutral  
75. sad  
76. happy  
77. neutral  
78. neutral  
79. frustrated  
80. neutral  
81. neutral  
82. happy  
83. happy  
84. neutral  
85. surprised  
86. neutral  
87. happy  
88. neutral  
89. happy  
90. sad  
91. neutral  
92. neutral  
93. neutral  
94. neutral
Based on the emotional tone of each line:
1.  **surprised** (Exclamation of shock/discovery)
2.  **fear** (Apprehensive questioning)
3.  **neutral** (Contemplative wondering)
4.  **neutral** (Logical reasoning/statement)
5.  **neutral** (Logical conclusion)
6.  **fear** (Expression of worry/anxiety)
7.  **neutral** (Reassuring question)
8.  **happy** (Affectionate declaration)
9.  **neutral** (Resigned statement)
10. **neutral** (Resigned statement of inevitability)
11. **frustrated** (Annoyance at wrong number)
12. **fear** (Physical reaction of dread)
13. **fear** (Anxious question)
14. **neutral** (Statement of intent/attitude)
15. **neutral** (Statement of intent/attitude)
16. **happy** (Philosophical statement on happiness)
17. **sad** (Cynical statement on happiness ending)
18. **sad** (Pleading against sadness/cynicism)
"19. **sad** (Cynical, bleak statement)"
"20. **surprised** (Challenging question, potentially sarcastic)"
21. **sad** (Affirmation of cynicism)
22. **frustrated** (Exasperated philosophical questioning)
"23. **sad** (Hurt, requesting seriousness)"
24. **neutral** (Advice/directive)
25. **neutral** (Question seeking clarification)
"26. **anger** (Dismissive, scornful rant)"
27. **anger** (Continuation of scornful rant)
28. **neutral** (Logical deduction/question)
29. **neutral** (Agreement with deduction)
30. **neutral** (Question about the future)
31. **neutral** (Prediction/statement)
32. **sad** (Worried question)
33. **neutral** (Conditional response)
"34. **sad** (Serious, morbid question)"
35. **neutral** (Defiant statement)
36. **sad** (Serious counterpoint)
"37. **neutral** (Flippant, dismissive philosophy)"
38. **frustrated** (Dismissal of partner's statement)
39. **neutral** (Cynical generalization)
40. **excited** (Exuberant call to hedonism)
41. **neutral** (Macabre yet affectionate directive)
42. **neutral** (Pedantic correction)
43. **happy** (Extravagant declaration of unconditional love)
"44. **happy** (Affectionate but possessive response, playful threat)"
45. **neutral** (Question prompting memory)
46. **neutral** (Question seeking specification)
47. **neutral** (Statement recalling event)
48. **happy** (Fond memory)
49. **anger** (Strong dislike)
50. **sad** (Statement of lingering hurt/resentment)
51. **neutral** (Question about past event)
52. **neutral** (Statement of fact)
53. **anger** (Recalling a negative event)
54. **neutral** (Statement of fact about event)
55. **neutral** (Rhetorical question recalling intensity)
56. **sad** (Statement of hurt)
57. **neutral** (Minimizing statement)
58. **neutral** (Statement recalling event)
59. **neutral** (Statement recalling reaction)
60. **neutral** (Statement of assessment)
61. **neutral** (Statement explaining past behavior)
62. **neutral** (Agreement/statement)
63. **neutral** (Statement revealing cause)
"Based on the conversation, here is the emotion for each line:"
1. frustrated  
2. frustrated  
3. neutral  
4. anger  
5. frustrated  
6. anger  
7. frustrated  
8. frustrated  
9. neutral  
10. anger  
11. neutral  
12. surprised  
13. neutral  
14. sad  
15. frustrated  
16. frustrated  
"17. bored (not listed, closest: neutral) ’ **neutral**  "
18. neutral  
19. neutral  
20. neutral  
21. frustrated  
22. neutral  
23. frustrated  
24. frustrated  
25. frustrated  
26. frustrated  
27. anger  
28. frustrated  
29. neutral  
30. neutral  
"31. sarcastic (not listed, closest: frustrated) ’ **frustrated**  "
32. neutral  
33. neutral  
"34. sarcastic (not listed, closest: sad) ’ **sad**  "
35. neutral  
36. neutral  
37. frustrated  
38. frustrated  
39. anger  
40. frustrated  
41. frustrated  
42. anger  
43. neutral  
44. frustrated  
45. frustrated  
46. frustrated  
47. anger  
48. neutral  
49. neutral  
50. anger  
51. anger  
"52. sarcastic (not listed, closest: anger) ’ **anger**  "
53. anger  
54. anger  
55. anger  
56. frustrated  
57. frustrated  
"58. sarcastic (not listed, closest: frustrated) ’ **frustrated**  "
59. anger  
"60. sarcastic (not listed, closest: frustrated) ’ **frustrated**  "
"61. sarcastic (not listed, closest: frustrated) ’ **frustrated**  "
62. neutral  
63. neutral  
64. neutral  
65. neutral  
66. neutral  
67. neutral  
68. neutral  
69. neutral  
70. neutral  
71. anger  
72. anger  
73. anger  
74. frustrated  
75. anger  
76. anger  
77. frustrated  
78. anger  
"79. sarcastic (not listed, closest: anger) ’ **anger**  "
80. anger  
81. anger  
82. anger  
83. frustrated  
84. anger  
85. anger  
86. anger  
87. anger  
88. anger  
89. anger  
90. anger
"Based on the context and dialogical acts, here are the emotions for each sentence:"
1.  **frustrated** (Expressing annoyance after a long wait)
2.  **frustrated** (Expressing discomfort with the environment)
3.  **neutral** (Simple acknowledgment)
4.  **surprised** (Hesitation indicating unexpected realization)
"5.  **surprised** (Reacting to the hesitation, showing concern/curiosity)"
6.  **neutral** (Stating a factual problem)
"7.  **frustrated** (Defensive, contradicting the statement)"
8.  **neutral** (Seeking clarification)
9.  **frustrated** (Exasperated at not knowing/remembering)
"10. **neutral** (Dismissive statement, matter-of-fact)"
11. **surprised** (Offended reaction to dismissal)
12. **frustrated** (Hesitant dismissal/continuation)
"13. **frustrated** (Insistent, repeating explanation)"
"14. **neutral** (Firm, factual rejection)"
"15. **frustrated** (Urgent, interrupted plea emphasizing stakes)"
16. **neutral** (Attempting to instruct/dismiss)
17. **frustrated** (Exasperated explanation of the consequence)
18. **frustrated** (Interrupting in protest)
19. **neutral** (Firm instruction/dismissal)
20. **fear** (Expressing dire consequence - getting fired)
"21. **frustrated** (Blaming, accusatory)"
"22. **frustrated** (Defensive, repeating justification)"
23. **neutral** (Dismissive denial)
"24. **frustrated** (Disbelieving, ironic/sarcastic laughter)"
"Based on the context and dialogical acts, here is the emotion for each numbered sentence:"
1.  excited  
2.  neutral  
3.  excited  
4.  happy  
5.  neutral  
6.  neutral  
7.  neutral  
8.  neutral  
9.  neutral  
10. surprised  
11. neutral  
12. neutral  
13. frustrated  
14. neutral  
15. frustrated  
16. neutral  
17. frustrated  
18. frustrated  
19. neutral  
20. frustrated  
21. fear  
22. neutral  
23. sad  
24. sad  
25. sad  
26. frustrated  
27. sad  
28. frustrated  
29. neutral  
30. frustrated  
31. neutral  
32. neutral  
33. frustrated  
34. neutral  
35. neutral  
36. frustrated  
37. neutral  
38. neutral  
39. fear  
40. surprised  
41. fear  
42. frustrated  
43. sad  
44. fear  
45. neutral  
46. fear  
47. neutral  
48. neutral  
49. fear  
50. fear  
51. neutral  
52. neutral  
53. neutral  
54. frustrated  
55. frustrated  
56. frustrated  
57. frustrated  
58. sad  
59. neutral  
60. sad  
61. frustrated  
62. sad  
63. frustrated  
64. sad  
65. sad  
66. sad  
67. sad  
68. sad
"Based on the context of the conversation, here is the emotion for each numbered sentence:  "
1. surprised  
2. excited  
3. neutral  
4. neutral  
5. happy  
6. happy  
7. neutral  
8. neutral  
9. neutral  
10. surprised  
11. surprised  
12. surprised  
13. neutral  
14. surprised  
15. fear  
16. neutral  
17. surprised  
18. surprised  
19. excited  
20. happy  
21. surprised  
22. happy  
23. neutral  
24. happy  
25. happy  
26. surprised  
27. happy  
28. happy  
29. sad  
30. neutral  
31. neutral  
32. neutral  
33. excited  
34. neutral  
35. neutral  
36. neutral  
37. neutral  
38. excited  
39. surprised  
40. excited  
41. excited
"Based on the context and dialogical acts, here is the emotion for each numbered sentence:"
1. sad  
2. neutral  
3. sad  
4. neutral  
5. neutral  
6. neutral  
7. frustrated  
8. neutral  
9. neutral  
10. frustrated  
11. neutral  
12. sad  
13. neutral  
14. fear  
15. surprised  
16. sad  
17. sad  
18. neutral  
19. surprised  
20. neutral  
21. frustrated  
22. neutral  
23. sad  
24. sad  
25. sad  
26. neutral  
27. sad  
28. neutral  
29. frustrated  
30. frustrated  
31. neutral  
32. sad  
33. sad  
34. neutral  
35. frustrated  
36. frustrated  
37. neutral  
38. sad  
39. neutral  
40. sad  
41. surprised  
42. frustrated  
43. happy  
44. sad
"Based on the conversation context and dialogical acts, the emotions for each sentence are:"
1.  **frustrated**  
2.  **neutral**  
3.  **angry**  
4.  **neutral**  
5.  **frustrated**  
6.  **frustrated**  
7.  **neutral**  
8.  **surprised**  
9.  **neutral**  
10. **angry**  
11. **neutral**  
12. **frustrated**  
13. **frustrated**  
14. **neutral**  
15. **frustrated**  
16. **neutral**  
17. **neutral**  
18. **surprised**  
19. **neutral**  
20. **angry**  
21. **frustrated**  
22. **frustrated**  
23. **angry**  
24. **frustrated**  
25. **angry**  
26. **neutral**  
27. **frustrated**  
28. **happy**  
29. **angry**  
30. **happy**  
31. **neutral**  
32. **angry**
"Based on the conversation context (grief over a young man's death from cancer), here are the emotions for each line:"
1.  neutral
2.  neutral
3.  sad
4.  sad
5.  sad
6.  sad
7.  sad
8.  neutral
9.  sad
10. sad
11. sad
12. sad
13. sad
14. sad
15. sad
16. sad
17. sad
18. sad
19. neutral
20. sad
21. neutral
22. neutral
23. sad
24. sad
25. sad
26. sad
27. sad
28. neutral
29. sad
30. sad
31. sad
32. sad
33. sad
34. neutral
35. neutral
36. neutral
37. sad
38. sad
39. frustrated
40. sad
41. frustrated
42. sad
43. sad
44. sad
45. sad
46. sad
47. fear
48. neutral
49. sad
50. sad
51. frustrated
52. sad
53. sad
"Based on the dialogical context and labeled acts, here are the emotions for each line:"
1.  neutral  
2.  excited  
3.  neutral  
4.  excited  
5.  surprised  
6.  excited  
7.  neutral  
8.  excited  
9.  surprised  
10. neutral  
11. excited  
12. surprised  
13. surprised  
14. happy  
15. happy  
16. neutral  
17. sad  
18. neutral  
19. excited  
20. neutral  
21. excited  
22. excited  
23. excited  
24. excited  
25. excited  
26. excited  
27. neutral  
28. excited  
29. excited  
30. surprised  
31. excited  
32. excited  
33. excited  
34. excited  
35. excited  
36. excited  
37. neutral  
38. excited  
39. excited  
40. neutral  
41. excited  
42. excited  
43. neutral  
44. excited  
45. neutral  
46. excited  
47. neutral  
48. excited  
49. neutral  
50. excited  
51. neutral  
52. excited  
53. excited  
54. excited  
55. excited  
56. neutral  
57. neutral  
58. neutral  
59. surprised  
60. neutral  
61. neutral  
62. happy  
63. neutral  
64. neutral  
65. neutral  
66. neutral  
67. happy  
68. neutral  
69. happy  
70. happy
1. anger  
2. neutral  
3. frustrated  
4. neutral  
5. anger  
6. neutral  
7. frustrated  
8. neutral  
9. frustrated  
10. neutral  
11. neutral  
12. neutral  
13. anger  
14. anger  
15. neutral  
16. neutral  
17. surprised  
18. neutral  
19. frustrated  
20. frustrated  
21. frustrated  
22. neutral  
23. frustrated  
24. neutral  
25. neutral  
26. frustrated  
27. neutral  
28. anger  
29. neutral  
30. neutral  
31. anger  
32. neutral  
33. neutral  
34. anger  
35. neutral  
36. anger  
37. frustrated  
38. neutral  
39. neutral  
40. anger  
41. neutral  
42. anger  
43. neutral  
44. anger  
45. anger  
46. neutral  
47. neutral  
48. frustrated  
49. frustrated  
50. neutral  
51. anger  
52. neutral  
53. frustrated  
54. neutral  
55. neutral
"Based on the context and dialogical acts, the emotions for each sentence are as follows:"
1. fear  
2. neutral  
3. surprised  
4. neutral  
5. surprised  
6. sad  
7. neutral  
8. neutral  
9. sad  
10. sad  
11. fear  
12. neutral  
13. fear  
14. frustrated  
15. neutral  
16. sad  
17. surprised  
18. frustrated  
19. surprised  
20. frustrated  
21. frustrated  
22. frustrated  
23. fear  
24. frustrated  
25. frustrated  
26. anger  
27. sad  
28. sad  
29. sad  
30. neutral  
31. anger  
32. neutral  
33. surprised  
34. neutral  
35. neutral  
36. neutral  
37. neutral  
38. excited  
39. neutral  
40. frustrated  
41. frustrated  
42. neutral  
43. fear  
44. anger  
45. anger  
46. anger  
47. frustrated  
48. sad  
49. frustrated  
50. frustrated  
51. fear  
52. fear  
53. sad  
54. frustrated  
55. frustrated  
56. neutral  
57. anger  
58. neutral  
59. neutral  
60. surprised  
61. neutral  
62. fear  
63. sad  
64. neutral  
65. frustrated  
66. frustrated  
67. frustrated  
68. frustrated  
69. frustrated  
70. frustrated  
71. frustrated  
72. neutral  
73. frustrated  
74. frustrated  
75. frustrated  
76. fear  
77. neutral  
78. neutral  
79. frustrated  
80. sad  
81. frustrated  
82. surprised  
83. frustrated  
84. anger  
85. frustrated  
86. surprised  
87. neutral  
88. frustrated  
89. excited  
90. neutral  
91. neutral  
92. neutral  
93. surprised  
94. neutral  
95. fear  
96. sad  
97. fear  
98. neutral  
99. sad  
100. sad  
101. neutral  
102. neutral  
103. frustrated  
104. sad  
105. neutral  
106. neutral
"Based on the dialogue, the emotions for each sentence are:"
1. frustrated  
2. neutral  
3. frustrated  
4. neutral  
5. frustrated  
6. frustrated  
7. frustrated  
8. neutral  
9. frustrated  
10. frustrated  
11. frustrated  
12. neutral  
13. frustrated  
14. neutral  
15. frustrated  
16. frustrated  
17. frustrated  
18. neutral  
19. frustrated  
20. frustrated  
21. frustrated  
22. neutral  
23. anger  
24. neutral  
25. sad  
26. neutral  
27. sad  
28. fear  
29. neutral  
30. sad  
31. neutral  
32. frustrated  
33. frustrated  
34. neutral  
35. neutral  
36. neutral  
37. frustrated  
38. neutral  
39. sad  
40. neutral  
41. frustrated
"Based on the context and dialogical acts, here is the emotion for each sentence:"
1.  neutral
2.  happy
3.  concerned
4.  neutral
5.  sad
6.  surprised
7.  frustrated
8.  neutral
9.  neutral
10. frustrated
11. surprised
12. frustrated
13. sad
14. frustrated
15. neutral
16. surprised
17. neutral
18. nervous
19. neutral
20. neutral
21. affectionate
22. neutral
23. loving
24. loving
25. frustrated
26. happy
27. embarrassed
28. determined
29. happy
30. concerned
31. neutral
32. neutral
33. surprised
34. neutral
35. surprised
36. happy
37. frustrated
38. frustrated
39. frustrated
40. longing
41. longing
42. excited
43. frustrated
44. excited
45. frustrated
46. neutral
47. frustrated
48. concerned
49. eager
50. concerned
51. neutral
52. frustrated
53. ashamed
54. concerned
55. frustrated
56. frustrated
57. neutral
58. neutral
59. sad
60. concerned
61. sad
62. surprised
63. sad
64. sad
65. sad
66. sad
67. earnest
68. earnest
69. frustrated
70. ashamed
71. ashamed
72. angry
73. determined
74. sad
75. concerned
76. determined
77. determined
78. earnest
79. neutral
80. excited
81. neutral
"Based on the context and dialogue acts, here is the emotion for each sentence:"
1.  excited
2.  excited
3.  excited
4.  neutral
5.  frustrated
6.  frustrated
7.  frustrated
8.  neutral
9.  neutral
10. frustrated
11. neutral
12. angry
13. frustrated
14. frustrated
15. neutral
16. neutral
17. neutral
18. neutral
19. frustrated
20. frustrated
"21. frustrated (laughter indicates self-deprecation, not joy)"
22. neutral
23. neutral
24. neutral
25. neutral
26. frustrated
27. neutral
28. neutral
29. neutral
30. neutral
31. neutral
32. frustrated
33. neutral
34. neutral
35. neutral
36. neutral
37. excited
38. frustrated
39. excited
40. excited
41. frustrated
42. neutral
43. frustrated
44. excited
45. excited
46. neutral
47. surprised
48. neutral
49. frustrated
50. neutral
51. frustrated
52. frustrated
53. angry
54. frustrated
55. frustrated
56. excited
57. excited
58. excited
59. excited
60. excited
61. excited
62. excited
63. neutral
64. neutral
65. neutral
66. neutral
67. angry
1. happy  
2. happy  
3. happy  
4. excited  
5. happy  
6. neutral  
7. frustrated  
8. sad  
9. neutral  
10. neutral  
11. neutral  
12. neutral  
13. neutral  
14. neutral  
15. frustrated  
16. frustrated  
17. neutral  
18. frustrated  
19. neutral  
20. neutral  
21. neutral  
22. neutral  
23. anger  
24. sad  
25. frustrated  
26. frustrated  
27. frustrated  
28. sad  
29. sad  
30. sad  
31. neutral  
32. frustrated  
33. neutral  
34. sad  
35. sad  
36. neutral  
37. neutral  
38. frustrated  
39. sad  
40. sad  
41. neutral  
42. sad  
43. happy  
44. neutral  
45. sad  
46. neutral  
47. happy  
48. happy  
49. happy  
50. happy  
51. excited  
52. surprised  
53. neutral  
54. happy  
55. neutral  
56. neutral  
57. happy  
58. sad  
59. neutral  
60. excited  
61. neutral  
62. neutral
"Based on the dialogue and context clues, here is the emotion for each numbered sentence:"
1.  neutral
2.  neutral
3.  neutral
4.  fear
5.  happy
6.  happy
7.  frustrated
8.  fear
9.  fear
10. surprised
11. frustrated
12. happy
13. neutral
14. happy
15. neutral
16. sad
17. fear
18. excited
19. frustrated
20. neutral
21. excited
22. happy (playful/sarcastic threat)
23. neutral
24. happy
25. neutral
26. neutral
27. sad
28. excited
29. surprised
30. happy
31. neutral
"Based on the context and dialogical acts, here is the emotion for each sentence:"
1. neutral  
2. frustrated  
3. anger  
4. frustrated  
5. frustrated  
6. frustrated  
7. frustrated  
8. anger  
9. frustrated  
10. neutral  
11. neutral  
12. neutral  
13. neutral  
14. frustrated  
15. frustrated  
16. anger  
17. frustrated  
18. frustrated  
19. frustrated  
20. neutral  
21. neutral  
22. neutral  
23. frustrated  
24. frustrated  
25. anger  
26. anger  
27. frustrated  
28. anger  
29. anger  
30. neutral  
31. neutral  
32. anger  
33. anger  
34. anger  
35. anger  
36. anger  
37. anger  
38. anger  
39. anger  
40. anger  
41. neutral  
42. neutral  
43. neutral  
44. frustrated  
45. anger  
46. anger  
47. anger  
48. anger  
49. anger  
50. anger  
51. anger  
52. anger  
53. anger  
54. anger  
55. anger  
56. anger
1.  anger  
2.  frustrated  
3.  neutral  
4.  frustrated  
5.  frustrated  
6.  neutral  
7.  frustrated  
8.  frustrated  
9.  anger  
10. anger  
11. frustrated  
12. frustrated  
13. frustrated  
14. frustrated  
15. anger  
16. anger  
17. anger  
18. anger  
19. anger  
20. anger  
21. frustrated  
22. anger  
23. anger  
24. anger  
25. neutral  
26. frustrated  
27. anger  
28. anger  
29. surprised  
30. anger  
31. anger  
32. surprised  
33. anger  
34. frustrated  
35. anger  
36. frustrated  
37. anger  
38. anger  
39. anger
"Based on the context and dialogical progression, here are the emotions for each numbered sentence:"
1.  **neutral**  
2.  **neutral**  
3.  **neutral**  
4.  **sad**  
5.  **neutral**  
6.  **fear**  
7.  **surprised**  
8.  **surprised**  
9.  **fear**  
10. **fear**  
11. **sad**  
12. **anger**  
13. **sad**  
14. **frustrated**  
15. **excited**  
16. **frustrated**  
17. **sad**  
18. **frustrated**  
19. **sad**  
20. **sad**  
21. **neutral**  
22. **frustrated**  
23. **frustrated**  
24. **fear**  
25. **fear**  
26. **frustrated**  
27. **sad**  
28. **excited**  
29. **happy**  
30. **sad**  
31. **neutral**  
32. **frustrated**  
33. **frustrated**  
34. **frustrated**  
35. **frustrated**  
36. **frustrated**  
37. **sad**  
38. **sad**  
39. **fear**  
40. **sad**  
41. **surprised**  
42. **sad**  
43. **fear**  
44. **frustrated**  
45. **fear**  
46. **neutral**  
47. **neutral**  
48. **frustrated**
Based on the dialogical context and content of each sentence:
1.  **excited** (Joyful announcement with laughter)
2.  **surprised** (Shock/disbelief at sudden news)
3.  **excited** (Reiterating happy news enthusiastically)
4.  **neutral** (Simple factual statement)
"5.  **frustrated** (Criticizing the location as ""lame"")"
"6.  **frustrated** (Disbelief and criticism, ""Are you serious?"")"
7.  **neutral** (Simple statement/question)
8.  **neutral** (Recalling information/asking a question)
9.  **neutral** (Relaying a past conversation factually)
"10. **surprised** (Unexpected revelation - ""She calls you Barry?"")"
11. **neutral** (Simple factual answer)
12. **neutral** (Explaining reasoning calmly)
13. **happy** (Playful teasing and shared laughter)
14. **happy** (Playful reciprocation and laughter)
15. **neutral** (Starting to relay information)
16. **frustrated** (Judgmental criticism about Chuck E. Cheese proposal)
"17. **frustrated** (Insulting judgment - ""How old are you? Five?"")"
18. **neutral** (Explaining reasoning)
19. **neutral** (Acknowledging statement flatly)
20. **frustrated** (Self-deprecating but also criticism of situation)
"21. **frustrated** (Direct insult - ""You are damn cheap"")"
22. **neutral** (Transitioning statement)
23. **neutral** (Asking a clarifying question)
"24. **frustrated** (Correcting/insulting the mascot - ""It's a rat"")"
"25. **happy** (Laughter, likely at the absurdity)"
"26. **happy** (Romantic, positive description)"
"27. **surprised** (Exclamation of shock - ""Oh my God"")"
"28. **frustrated** (Criticizing as ""cheesy"")"
29. **happy** (Romantic statement)
"30. **happy** (Positive acknowledgment - ""that's kind of sweet"")"
31. **happy** (Playful imitation)
32. **neutral** (Continuing the story)
"33. **frustrated** (Criticizing the response ""Sure?"")"
34. **neutral** (Continuing the story)
35. **neutral** (Explaining the outcome)
36. **neutral** (Asking a factual question)
37. **neutral** (Giving a factual answer)
"38. **surprised** (Shock at the short time - ""What?"")"
39. **frustrated** (Sarcastic criticism of the short relationship)
"40. **excited** (Enthusiastic endorsement - ""she's wonderful"")"
"41. **surprised** (Shock - ""Oh my god"")"
42. **neutral** (Making an assumption/asking)
"43. **frustrated** (Sarcastic judgment - ""She's hot and you are- getting married"")"
44. **neutral** (Simple confirmation)
"45. **frustrated** (Strong disapproval - ""I cannot believe you"")"
46. **neutral** (Stating a fact defensively)
"47. **frustrated** (Dismissive judgment - ""Oh man."")"
"48. **surprised** (Mishearing/mistake - ""What? Eighteen?"")"
49. **neutral** (Explaining reasoning)
50. **neutral** (Transition)
"51. **frustrated** (Sarcastic judgment - ""Very promising."")"
52. **neutral** (Stating a fact)
"53. **frustrated** (Sarcastic dismissal - ""Have a kid. Make a beautiful life."")"
"54. **excited** (Taking the offer positively - ""Oh that's great"")"
"Based on the context and dialogical acts, the emotions for each sentence are:"
1. neutral  
2. sad  
3. neutral  
4. frustrated  
5. neutral  
6. frustrated  
7. neutral  
8. frustrated  
9. neutral  
10. frustrated  
11. frustrated  
12. neutral  
13. frustrated  
14. neutral  
15. frustrated  
16. neutral  
17. frustrated  
18. neutral  
19. neutral  
20. surprised  
21. neutral  
22. neutral  
23. neutral  
24. frustrated  
25. neutral  
26. neutral  
27. frustrated  
28. frustrated  
29. frustrated  
30. surprised  
31. frustrated  
32. neutral  
33. frustrated  
34. neutral  
35. anger  
36. neutral  
37. neutral  
38. neutral  
39. frustrated  
40. frustrated  
41. neutral  
42. happy  
43. neutral  
44. sad  
45. surprised  
46. neutral  
47. sad  
48. neutral  
49. frustrated  
50. frustrated  
51. neutral  
52. frustrated  
53. surprised  
54. frustrated  
55. frustrated  
56. surprised  
57. sad  
58. frustrated
"Based on the conversation context and dialogical acts, the emotions for each sentence are:"
1. neutral  
2. frustrated  
3. neutral  
4. frustrated  
5. neutral  
6. frustrated  
7. neutral  
8. neutral  
9. anger  
10. anger  
11. anger  
12. neutral  
13. anger  
14. neutral  
15. anger  
16. neutral  
17. sad  
18. sad  
19. sad  
20. neutral  
21. sad  
22. neutral  
23. anger  
24. neutral  
25. anger  
26. neutral  
27. anger  
28. neutral  
29. anger  
30. neutral  
31. neutral  
32. anger  
33. neutral  
34. neutral  
35. surprised  
36. neutral  
37. anger  
38. neutral  
39. anger  
40. surprised  
41. anger  
42. neutral  
43. neutral  
44. anger
"Based on the conversation analysis, the emotions for each sentence are:"
1. neutral  
2. neutral  
3. neutral  
4. neutral  
5. neutral  
6. neutral  
7. frustrated  
8. neutral  
9. frustrated  
10. neutral  
11. frustrated  
12. neutral  
13. neutral  
14. anger  
15. neutral  
16. neutral  
17. anger  
18. neutral  
19. anger  
20. neutral  
21. anger  
22. neutral  
23. frustrated  
24. neutral  
25. anger  
26. anger  
27. anger  
28. neutral  
29. neutral  
30. anger  
31. surprised  
32. anger  
33. neutral  
34. anger  
35. anger  
36. anger  
37. anger  
38. neutral  
39. neutral  
40. anger  
41. neutral  
42. neutral  
43. frustrated  
44. neutral  
45. neutral  
46. anger  
47. anger  
48. neutral  
49. anger
"Based on the dialogue context (discussing grief and loss of a close friend), here is the emotion for each numbered sentence:"
1.  neutral  
2.  neutral  
3.  sad  
4.  neutral  
5.  neutral  
6.  sad  
7.  sad  
8.  sad  
9.  sad  
10. sad  
11. frustrated  
12. neutral  
13. frustrated  
14. neutral  
15. sad  
16. neutral  
17. sad  
18. frustrated  
19. neutral  
20. sad  
21. neutral  
22. sad  
23. sad  
24. frustrated  
25. sad  
26. sad  
27. neutral  
28. sad  
29. sad  
30. sad  
31. frustrated  
32. excited  
33. frustrated  
34. neutral  
35. sad  
36. sad  
37. neutral  
38. sad  
39. sad
Based on the context and dialogical acts:
1.  neutral  
2.  neutral  
3.  happy  
4.  frustrated  
5.  neutral  
6.  neutral  
7.  neutral  
8.  neutral  
9.  excited  
10. neutral  
11. happy  
12. surprised  
13. excited  
14. excited  
15. neutral  
16. happy  
17. neutral  
18. excited  
19. excited  
20. excited  
21. happy  
22. excited  
23. happy  
24. happy  
25. happy  
26. happy  
27. happy  
28. happy  
29. neutral  
30. excited  
31. excited  
32. excited  
33. neutral  
34. neutral
"Based on the conversation, the emotions for each sentence are:"
1. neutral  
2. frustrated  
3. neutral  
4. frustrated  
5. frustrated  
6. frustrated  
7. neutral  
8. neutral  
9. neutral  
10. neutral  
11. neutral  
12. frustrated  
13. neutral  
14. frustrated  
15. anger  
16. anger  
17. anger  
18. neutral  
19. frustrated  
20. anger  
21. neutral  
22. surprised  
23. neutral  
24. frustrated  
25. anger  
26. neutral  
27. neutral  
28. surprised  
29. frustrated  
30. neutral  
31. neutral  
32. neutral  
33. frustrated  
34. anger  
35. neutral  
36. fear  
37. neutral  
38. frustrated  
39. neutral  
40. neutral  
41. frustrated  
42. frustrated  
43. neutral  
44. frustrated  
45. anger  
46. neutral  
47. anger  
48. neutral  
49. neutral
Based on the dialogical acts and context:
1.  **neutral**  
2.  **frustrated**  
3.  **neutral**  
4.  **neutral**  
5.  **neutral**  
6.  **frustrated**  
7.  **neutral**  
8.  **angry**  
9.  **frustrated**  
10. **frustrated**  
11. **neutral**  
12. **neutral**  
13. **frustrated**  
14. **neutral**  
15. **frustrated**  
16. **neutral**  
17. **neutral**  
18. **frustrated**  
19. **neutral**  
20. **neutral**  
21. **neutral**  
22. **neutral**  
23. **surprised**  
24. **neutral**  
25. **excited**  
26. **excited**  
27. **excited**  
28. **excited**  
29. **neutral**  
30. **sad**  
31. **neutral**  
32. **neutral**  
33. **neutral**  
34. **neutral**  
35. **happy**  
36. **neutral**
1. fear  
2. neutral  
3. neutral  
4. neutral  
5. frustrated  
6. neutral  
7. sad  
8. sad  
9. frustrated  
10. fear  
11. neutral  
12. frustrated  
13. sad  
14. surprised  
15. frustrated  
16. neutral  
17. frustrated  
18. frustrated  
19. frustrated  
20. fear  
21. frustrated  
22. neutral  
23. angry  
24. neutral  
25. neutral  
26. neutral  
27. excited  
28. neutral  
29. frustrated  
30. neutral  
31. happy  
32. fear  
33. anger  
34. frustrated  
35. sad  
36. fear  
37. frustrated  
38. fear  
39. frustrated  
40. frustrated  
41. sad  
42. sad  
43. neutral  
44. sad  
45. neutral  
46. frustrated  
47. neutral  
48. frustrated  
49. frustrated  
50. frustrated  
51. neutral  
52. fear  
53. neutral  
54. neutral  
55. frustrated  
56. angry  
57. surprised  
58. determined  
59. surprised  
60. angry  
61. fear  
62. frustrated  
63. frustrated  
64. excited  
65. determined  
66. angry  
67. frustrated  
68. neutral  
69. angry  
70. determined  
71. sad  
72. neutral  
73. neutral
Based on the emotional context of each sentence:
1. **frustrated** (Fey questions the invitation with annoyance)  
"2. **neutral** (Joey asks a calm, probing question)  "
3. **frustrated** (Fey expresses irritation about the sudden arrival)  
4. **neutral** (Joey suggests a reasonable possibility calmly)  
5. **frustrated** (Fey dismisses Joey's idea with disbelief)  
6. **frustrated** (Joey responds defensively and challenges Fey)  
7. **frustrated** (Joey reacts defensively to Fey's look)  
"8. **frustrated** (Fey insists stubbornly, showing irritation)  "
9. **surprised** (Joey reacts with disbelief to Fey's claim)  
10. **frustrated** (Fey doubles down on her view with agitation)  
11. **frustrated** (Joey dismisses Fey's concern impatiently)  
12. **frustrated** (Fey demands answers with rising tension)  
13. **frustrated** (Joey tries to interject with mild irritation)  
"14. **frustrated** (Fey cuts Joey off, adamant and annoyed)  "
"15. **frustrated** (Joey challenges Fey, exasperated)  "
"16. **frustrated** (Fey insists stubbornly, not backing down)  "
17. **frustrated** (Fey clings to her belief with agitation)  
"18. **neutral** (Joey tries to de-escalate, shifting focus)  "
"19. **anger** (Fey forbids challenges fiercely, enraged)  "
"20. **frustrated** (Joey asks helplessly, exasperated)  "
"21. **frustrated** (Fey accuses Joey, emotionally charged)  "
"22. **frustrated** (Joey attempts to interject, interrupted)  "
"23. **anger** (Fey threatens suicide, volatile and furious)  "
"24. **fear** (Fey describes a superstitious omen, terrified)  "
"25. **neutral** (Joey urges calm, controlled tone)  "
"26. **fear** (Fey pleads desperately, anxious for belief)  "
"27. **surprised** (Joey fixates on ""me above all,"" shocked)  "
"28. **fear** (Fey begs urgently, voice trembling)  "
"29. **surprised** (Joey presses for clarity, taken aback)  "
"30. **neutral** (Joey observes factually, no strong emotion)  "
"31. **fear** (Fey admits helplessness, visibly shaken)  "
"32. **anger** (Joey confronts Fey aggressively, shouting)"
"Based on the conversation, here is the emotion for each sentence:"
1. neutral  
2. neutral  
3. happy  
4. happy  
5. happy  
6. neutral  
7. neutral  
8. frustrated  
9. neutral  
10. frustrated  
11. neutral  
12. frustrated  
13. frustrated  
14. neutral  
15. surprised  
16. frustrated  
17. neutral  
18. neutral  
19. happy  
20. happy  
21. frustrated  
22. frustrated  
23. frustrated  
24. happy  
25. fear  
26. neutral  
27. surprised  
28. happy  
29. frustrated  
30. frustrated  
31. frustrated  
32. excited  
33. excited  
34. anger  
35. happy  
36. frustrated  
37. excited  
38. frustrated  
39. neutral  
40. frustrated  
41. excited  
42. fear  
43. fear  
44. neutral  
45. frustrated  
46. sad  
47. neutral  
48. neutral  
49. neutral  
50. sad  
51. fear  
52. sad  
53. surprised  
54. sad  
55. sad  
56. sad  
57. sad  
58. sad  
59. sad  
60. sad  
61. sad  
62. sad  
63. sad  
64. sad  
65. fear  
66. excited  
67. frustrated  
68. happy  
69. neutral  
70. excited  
71. happy  
72. happy
"Based on the conversation context, the emotions for each sentence are as follows:"
1. **excited** (Joey expresses enthusiasm about the night)  
2. **excited** (Joey reaffirms his appreciation for the experience)  
"3. **neutral** (Joey questions something indistinct, showing curiosity without strong emotion)  "
4. **neutral** (Joey reasons aloud and checks in with Fey conversationally)  
5. **frustrated** (Joey berates himself for forgetting the flashlight)  
6. **neutral** (Fey asks a simple clarifying question)  
7. **neutral** (Joey describes the flashlight matter-of-factly)  
8. **neutral** (Fey corrects him plainly)  
"9. **neutral** (Joey asks a short, direct question)  "
10. **neutral** (Fey states ownership calmly)  
11. **happy** (Joey responds playfully with humor)  
12. **frustrated** (Joey expresses regret about forgetting the flashlight)  
13. **neutral** (Joey asks a casual question about memory)  
14. **neutral** (Fey gives a brief affirmative reply)  
15. **neutral** (Joey offers help without strong feeling)  
16. **frustrated** (Joey complains about another forgotten item)  
17. **excited** (Joey eagerly imagines a positive addition)  
18. **happy** (Joey laughs at himself lightheartedly)  
19. **neutral** (Joey wonders aloud curiously)  
20. **neutral** (Fey states a physical sensation plainly)  
21. **neutral** (Joey repeats a practical offer)  
22. **neutral** (Fey suggests leaving directly)  
23. **frustrated** (Joey reacts with irritation to leaving early)  
24. **frustrated** (Fey responds with blunt dismissal)  
25. **frustrated** (Joeys sarcastic agreement conveys annoyance)  
26. **neutral** (Fey states her position simply)  
"27. **frustrated** (Joey struggles to clarify his point, agitated)  "
28. **neutral** (Fey reiterates leaving unemotionally)  
29. **neutral** (Joey questions her briefly)  
30. **frustrated** (Feys vague reply hints at irritation)  
31. **excited** (Joey passionately argues for staying)  
32. **frustrated** (Fey downplays the event dismissively)  
33. **excited** (Joey describes the event with wonder)  
34. **excited** (Joey continues enthusing about the fish)  
35. **frustrated** (Fey questions his excitement impatiently)  
36. **neutral** (Joey gives a short contradiction)  
37. **neutral** (Fey responds tersely)  
38. **excited** (Joey romanticizes the phenomenon)  
39. **frustrated** (Joey expresses disbelief at her disinterest)  
40. **neutral** (Fey states disinterest flatly)  
41. **neutral** (Joey seeks confirmation)  
42. **neutral** (Fey affirms neutrally)  
43. **frustrated** (Joey struggles to understand her change)  
44. **neutral** (Joey recounts a past fact neutrally)  
45. **frustrated** (Fey lists past negatives irritably)  
46. **neutral** (Joey shifts focus calmly)  
47. **neutral** (Fey states a fact plainly)  
48. **neutral** (Joey explains confidently without heat)  
49. **neutral** (Joey questions something idly)  
50. **excited** (Joey reasserts his enthusiasm)  
51. **neutral** (Joey prompts Fey conversationally)  
52. **excited** (Joey describes the fish poetically)  
53. **excited** (Joey continues his awestruck description)  
54. **excited** (Joey marvels at the fishs instinct)  
55. **excited** (Joey builds to a climactic description)  
56. **excited** (Joey physically reacts to his own passion)  
57. **neutral** (Fey dismisses his reaction factually)  
58. **neutral** (Joey asks for feedback evenly)  
59. **neutral** (Fey questions vaguely)  
60. **neutral** (Joey clarifies his query calmly)
1: neutral  
2: neutral  
3: neutral  
4: frustrated  
5: frustrated  
6: frustrated  
7: frustrated  
8: frustrated  
9: frustrated  
10: frustrated  
11: frustrated  
12: frustrated  
13: frustrated  
14: frustrated  
15: frustrated  
16: frustrated  
17: frustrated  
18: surprised  
19: frustrated  
20: neutral  
21: neutral  
22: neutral  
23: anger  
24: frustrated  
25: frustrated  
26: sad  
27: frustrated  
28: frustrated  
29: frustrated  
30: sad  
31: frustrated  
32: frustrated  
33: frustrated  
34: neutral  
35: sad  
36: neutral  
37: sad  
38: sad  
39: sad  
40: excited  
41: frustrated  
42: neutral  
43: neutral  
44: excited  
45: sad  
46: sad  
47: happy  
48: frustrated  
49: happy  
50: frustrated  
51: happy  
52: frustrated  
53: frustrated  
54: frustrated  
55: anger  
56: sad  
57: sad  
58: sad  
59: frustrated  
60: frustrated  
61: sad  
62: frustrated  
63: sad  
64: frustrated  
65: frustrated  
66: sad  
67: sad  
68: sad  
69: sad  
70: neutral  
71: sad  
72: sad  
73: neutral  
74: sad  
75: happy  
76: happy  
77: happy  
78: sad  
79: happy  
80: sad  
81: neutral  
82: happy  
83: happy  
84: happy  
85: excited  
86: happy  
87: neutral  
88: happy  
89: neutral  
90: happy  
91: happy  
92: sad  
93: excited  
94: neutral  
95: neutral
Based on the emotional cues in the dialogue:
"1.  **surprised** (Exclamation, sudden reaction)"
2.  **fear** (Apprehensive questioning)
3.  **neutral** (Contemplative wondering)
4.  **fear** (Reinforcing reason for apprehension)
5.  **fear** (Resigned conclusion implying threat)
6.  **fear** (Anxious question)
"7.  **fear** (Seeking reassurance, anxious)"
8.  **happy** (Affectionate reassurance)
9.  **neutral** (Defiant acceptance)
10. **sad** / **resigned** (Accepting an unpleasant inevitability)
11. **surprised** (Reacting to the phone)
12. **fear** (Physical reaction to dread)
13. **neutral** (Simple statement of fact)
14. **fear** (Anxious hypothetical question)
15. **neutral** / **determined** (Stated plan of action)
16. **neutral** / **sarcastic** (Questioning the plan's tone)
17. **neutral** (Affirming the plan)
18. **happy** (Reflecting on happiness diminishing worries)
19. **sad** (Lamenting happiness's impermanence)
20. **sad** (Pleading against pessimism)
21. **sad** / **bitter** (Cynical view of love/life)
22. **surprised** (Shocked/disbelieving at the cynicism)
23. **sad** / **resigned** (Affirming the cynical view)
24. **neutral** / **philosophical** (Pondering meaning)
25. **frustrated** (Objecting to perceived mockery)
"26. **happy** (Lighthearted, dismissive advice - despite [LAUGHTER] tag, the text is affectionate advice against seriousness)"
27. **neutral** (Simple question)
"28. **anger** / **frustrated** (Dismissive, scornful of moralists)"
"29. **anger** / **frustrated** (Continuing scorn, advocating defiance)"
30. **neutral** / **challenging** (Logical extension of his argument)
31. **neutral** (Accepting the logical extension)
32. **sad** (Questioning love's duration cynically)
33. **neutral** (Simple unknowing answer)
34. **sad** (Questioning future conflict)
35. **sad** / **resigned** (Predicting passion fading)
36. **neutral** (Questioning if fading is desirable)
37. **neutral** (Conditional answer)
38. **sad** / **fear** (Morbid question about loss)
"39. **excited** / **defiant** (Forceful, almost manic, insistence on laughing)"
40. **sad** (Countering his flippancy)
41. **excited** / **defiant** (Insisting death *is* laughable)
42. **frustrated** (Dismissing his argument)
43. **frustrated** (Rhetorical question dismissing seriousness)
44. **excited** (Exuberant call for hedonism)
"45. **excited** / **happy** (Urgent call to seize the moment, morbid humor)"
46. **neutral** (Pedantic correction)
47. **excited** / **defiant** (Forceful declaration of unconditional love/acceptance)
"48. **excited** / **happy** (Extravagant, humorous example of unconditional love with possessive caveat)"
"49. **happy** (Affectionate, reciprocal sentiment)"
"50. **anger** (Sudden, violent possessive threat - humorously exaggerated but showing core feeling)"
51. **neutral** (Introducing a memory)
52. **neutral** (Requesting clarification)
53. **neutral** (Recalling a specific incident)
"54. **happy** / **excited** (Nostalgic, fond memory)"
55. **anger** / **disgust** (Negative reaction to the memory)
"56. **anger** / **sad** (Accusatory, recalling lasting resentment)"
57. **anger** (Reiterating dislike)
58. **neutral** (Questioning duration)
59. **neutral** (Stating duration)
60. **neutral** (Introducing another memory)
61. **neutral** (Recalling an action)
62. **neutral** (Recalling damage)
63. **excited** / **amused** (Recalling the intensity with dark humor)
"64. **happy** (Recalling a fight with laughter, nostalgic amusement)"
65. **neutral** / **defensive** (Minimizing action)
66. **amused** (Recalling chaotic scene with humor)
67. **happy** / **amused** (Recalling the manager's reaction with laughter)
68. **sad** / **resigned** (Reflecting on past absurdity negatively)
69. **neutral** / **resigned** (Explaining past behavior)
70. **neutral** / **resigned** (Agreeing with the assessment)
71. **neutral** / **resigned** (Revealing the true cause)
"Based on the context of the conversation, here are the emotions for each line:"
1.  **frustrated**
2.  **frustrated**
3.  **angry**
4.  **neutral** (dismissive)
5.  **angry** (sarcastic)
6.  **frustrated**
7.  **angry**
8.  **frustrated**
9.  **frustrated**
10. **neutral** (dismissive)
11. **frustrated**
12. **frustrated**
13. **neutral** (defiant)
14. **frustrated**
15. **frustrated**
16. **frustrated** (sarcastic)
17. **frustrated**
18. **frustrated**
19. **neutral**
20. **neutral**
21. **neutral**
22. **frustrated**
23. **neutral**
24. **frustrated**
25. **frustrated**
26. **frustrated**
27. **frustrated**
28. **frustrated**
29. **frustrated**
30. **frustrated**
31. **neutral**
32. **neutral**
33. **neutral** (sigh)
34. **neutral**
35. **neutral** (sarcastic)
36. **sad**
37. **neutral**
38. **neutral**
39. **frustrated**
40. **frustrated**
41. **frustrated**
42. **frustrated** (sarcastic)
43. **frustrated**
44. **frustrated**
45. **frustrated** (sarcastic)
46. **frustrated** (sarcastic)
47. **frustrated** (sarcastic)
48. **frustrated**
49. **frustrated**
50. **frustrated**
51. **frustrated**
52. **frustrated**
53. **angry**
54. **neutral**
55. **neutral**
56. **frustrated** (sarcastic)
57. **frustrated**
58. **frustrated** (sarcastic)
59. **angry**
60. **frustrated**
61. **frustrated**
62. **frustrated**
63. **frustrated**
64. **frustrated** (sarcastic)
65. **frustrated**
66. **frustrated** (sarcastic)
67. **frustrated** (sarcastic)
68. **neutral**
69. **frustrated**
70. **neutral**
71. **neutral**
72. **neutral**
73. **neutral**
74. **neutral**
75. **neutral** (confused/absurd)
76. **neutral**
77. **frustrated**
78. **frustrated**
79. **frustrated**
80. **frustrated**
81. **frustrated**
82. **angry**
83. **frustrated** (sarcastic)
84. **angry**
85. **angry**
86. **angry**
87. **angry**
88. **angry**
89. **angry**
90. **angry**
91. **angry**
92. **sad**
93. **surprised**
Based on the context and dialogical acts:
1.  **frustrated** (Fey expresses confusion and long wait)  
2.  **neutral** (Joey asks a standard question)  
3.  **frustrated** (Fey explains repeated referrals)  
4.  **neutral** (Joey clarifies the request)  
5.  **neutral** (Fey confirms plainly)  
6.  **frustrated** (Joey repeats criticism of the form)  
7.  **neutral** (Fey starts to respond)  
8.  **frustrated** (Joey refuses help bluntly)  
9.  **frustrated** (Fey defends her actions)  
10. **frustrated** (Fey emphasizes her effort and wait)  
11. **neutral** (Joey states inability to help)  
12. **frustrated** (Fey pleads urgently)  
13. **frustrated** (Joey deflects defensively)  
14. **frustrated** (Joey complains about his job)  
15. **frustrated** (Joey repeats instructions sternly)  
16. **frustrated** (Fey argues with rising desperation)  
17. **frustrated** (Joey insists harshly)  
18. **frustrated** (Joey repeats instruction)  
19. **frustrated** (Fey protests the redundancy)  
20. **frustrated** (Joey insists)  
21. **frustrated** (Joey repeats instruction)  
22. **frustrated** (Fey seeks clarification)  
23. **neutral** (Joey states a fact)  
24. **neutral** (Joey continues explaining)  
25. **frustrated** (Fey offers a solution impatiently)  
26. **frustrated** (Joey prioritizes others dismissively)  
27. **frustrated** (Fey counters his point)  
28. **frustrated** (Joey lists errors critically)  
29. **frustrated** (Joey continues critically)  
"30. **angry** (Fey refuses firmly, showing anger)  "
31. **frustrated** (Joey demands restarting)  
32. **frustrated** (Joey struggles to control tone)  
33. **frustrated** (Fey pleads again)  
34. **frustrated** (Joey refuses bluntly)  
35. **frustrated** (Fey justifies urgency)  
36. **frustrated** (Joey dismisses her for break)  
37. **angry** (Fey demands insistently)  
38. **frustrated** (Joey reiterates refusal)  
39. **frustrated** (Fey challenges his role)  
40. **frustrated** (Fey continues challenge)  
41. **angry** (Joey explicitly states anger)  
42. **surprised** (Fey reacts incredulously)  
"43. **angry** (Joey swears, showing intense anger)  "
44. **surprised** (Fey repeats in disbelief)  
45. **angry** (Joey swears about his job)  
46. **angry** (Fey retorts sarcastically)  
47. **frustrated** (Fey states her need to leave)  
48. **frustrated** (Fey pleads desperately)  
49. **neutral** (Joey states his departure factually)
Based on the emotional context of each line:
1.  **sad**  
2.  **neutral**  
3.  **frustrated**  
4.  **neutral**  
5.  **frustrated**  
6.  **sad**  
7.  **sad**  
8.  **fear**  
9.  **neutral**  
10. **frustrated**  
11. **frustrated**  
12. **sad**  
13. **neutral**  
14. **frustrated**  
15. **frustrated**  
16. **frustrated**  
17. **sad**  
18. **frustrated**  
19. **frustrated**  
20. **frustrated**  
21. **frustrated**  
22. **sad**  
23. **sad**  
24. **surprised**  
25. **sad**  
26. **frustrated**  
27. **fear**  
28. **fear**  
29. **frustrated**  
30. **angry**  
31. **frustrated**  
32. **frustrated**  
33. **frustrated**  
34. **frustrated**  
35. **neutral**  
36. **frustrated**  
37. **frustrated**  
38. **angry**  
39. **frustrated**  
40. **angry**  
41. **sad**  
42. **angry**  
43. **frustrated**  
44. **angry**  
45. **frustrated**  
46. **angry**  
47. **surprised**  
48. **sad**  
49. **sad**  
50. **sad**  
51. **sad**  
52. **frustrated**
"Based on the context and dialogical acts, the emotions for each sentence are:"
1. excited  
2. neutral  
3. neutral  
4. surprised  
5. excited  
6. excited  
7. excited  
8. happy  
9. happy  
10. neutral  
11. happy  
12. happy  
13. neutral  
14. neutral  
15. happy  
16. happy  
17. excited  
18. happy  
19. happy  
20. neutral  
21. neutral  
22. fear  
23. frustrated  
24. neutral  
25. neutral  
26. neutral  
27. neutral  
28. frustrated  
29. neutral  
30. neutral  
31. neutral  
32. neutral  
33. neutral  
34. neutral  
35. neutral  
36. neutral  
37. neutral  
38. neutral  
39. neutral  
40. neutral  
41. neutral  
42. neutral  
43. neutral  
44. frustrated  
45. neutral  
46. happy  
47. neutral  
48. neutral  
49. neutral  
50. neutral  
51. frustrated  
52. neutral  
53. frustrated  
54. neutral  
55. frustrated  
56. neutral  
57. neutral  
58. neutral  
59. neutral  
60. neutral  
61. happy  
62. neutral  
63. neutral  
64. neutral  
65. happy  
66. excited  
67. neutral  
68. neutral  
69. neutral  
70. neutral  
71. happy  
72. happy  
73. neutral  
74. neutral  
75. excited  
76. excited  
77. happy  
78. happy  
79. excited  
80. happy  
81. happy  
82. excited  
83. excited  
84. excited  
85. neutral  
86. excited  
87. excited  
88. neutral  
89. neutral  
90. neutral  
91. neutral  
92. happy  
93. neutral  
94. neutral  
95. fear  
96. excited  
97. excited  
98. happy  
99. happy  
100. neutral  
101. happy  
102. excited
1. frustrated  
2. frustrated  
3. sad  
4. frustrated  
5. frustrated  
6. sad  
7. anger  
8. neutral  
9. neutral  
10. frustrated  
11. neutral  
12. neutral  
13. neutral  
14. surprised  
15. neutral  
16. neutral  
17. frustrated  
18. neutral  
19. sad  
20. neutral  
21. sad  
22. frustrated  
23. frustrated  
24. neutral  
25. anger  
26. neutral  
27. frustrated  
28. neutral  
29. frustrated  
30. neutral  
31. neutral  
32. neutral  
33. anger  
34. frustrated  
35. neutral  
36. frustrated  
37. neutral  
38. surprised  
39. neutral  
40. surprised  
41. happy  
42. neutral  
43. neutral  
44. neutral  
45. neutral  
46. neutral  
47. frustrated  
48. neutral  
49. anger  
50. anger  
51. frustrated  
52. neutral  
53. frustrated  
54. neutral  
55. frustrated  
56. neutral  
57. frustrated  
58. frustrated  
59. anger  
60. anger  
61. anger  
62. neutral  
63. frustrated  
64. neutral  
65. frustrated  
66. anger  
67. frustrated  
68. frustrated  
69. anger
"Based on the dialogical acts and context, here are the emotions for each sentence:"
1.  **neutral** (Joey asks for factual location)
2.  **frustrated** (Fey expresses confusion and blames the airline for loss)
3.  **neutral** (Joey attempts to de-escalate professionally)
4.  **frustrated** (Fey emphasizes the importance of the lost bag)
5.  **neutral** (Joey acknowledges understanding)
6.  **frustrated** (Fey struggles to articulate disbelief about the loss)
7.  **neutral** (Joey repeats understanding)
8.  **angry** (Fey accuses staff of negligence)
9.  **frustrated** (Fey elaborates on why the bag should have been trackable)
10. **neutral** (Joey states airline policy/procedure calmly)
11. **surprised** (Fey reacts with disbelief to the $50 offer)
12. **neutral** (Joey repeats the offer)
"13. **frustrated** (Fey dismisses Joey, showing impatience)"
14. **angry** (Fey sarcastically rejects the offer as insulting and lists grievances)
15. **neutral** (Joey observes Fey's state factually)
16. **frustrated** (Fey reiterates the bag's importance)
17. **neutral** (Joey acknowledges but states helplessness)
"18. **angry** (Fey rejects $50 as compensation, cites value)"
19. **neutral** (Joey gives procedural instruction)
20. **neutral** (Joey continues instruction)
21. **frustrated** (Joey comments on communication breakdown)
22. **frustrated** (Joey states consequence of breakdown)
23. **angry** (Fey demands full compensation)
24. **neutral** (Joey references airline terms)
25. **neutral** (Joey continues explanation)
"26. **angry** (Fey interrupts, denies signing anything)"
27. **neutral** (Joey explains terms exist)
28. **angry** (Fey reiterates demand and rejects $50)
"29. **neutral** (Joey asks for calm, references terms)"
"30. **angry** (Fey dismisses Joey, threatens lawyer)"
31. **neutral** (Joey explains terms exist)
32. **neutral** (Joey restates limited offer)
33. **neutral** (Joey addresses Fey)
34. **angry** (Fey demands supervisor)
35. **neutral** (Joey states his position)
"36. **angry** (Fey insists on supervisor, expresses exhaustion)"
37. **neutral** (Joey confirms position)
38. **surprised** (Fey questions his authority with disbelief)
39. **neutral** (Joey confirms position)
"40. **angry** (Fey demands higher authority, rejects offer)"
41. **neutral** (Joey reveals ownership factually)
1. sad  
2. sad  
3. sad  
4. sad  
5. neutral  
6. sad  
7. sad  
8. sad  
9. sad  
10. sad  
11. sad  
12. sad  
13. neutral  
14. sad  
15. sad  
16. neutral  
17. neutral  
18. excited  
19. happy  
20. neutral  
21. happy  
22. happy  
23. happy  
24. neutral
"Based on the conversation, here are the emotions for each sentence:"
1.  neutral  
2.  excited  
3.  neutral  
4.  happy  
5.  surprised  
6.  happy  
7.  surprised  
8.  happy  
9.  excited  
10. happy  
11. happy  
12. excited  
13. excited  
14. happy  
15. frustrated  
16. happy  
17. happy  
18. frustrated  
19. excited  
20. frustrated  
21. sarcastic (neutral*)  
22. happy  
23. happy  
24. excited  
25. excited  
26. excited  
27. frustrated  
28. neutral  
29. sarcastic (neutral*)  
30. surprised  
31. sarcastic (neutral*)  
32. neutral  
33. excited  
34. surprised  
35. frustrated  
36. sad  
37. frustrated  
38. neutral  
39. neutral  
40. neutral  
41. happy  
42. excited  
43. neutral  
44. frustrated  
45. neutral  
46. happy  
47. neutral  
48. happy  
49. neutral  
50. happy  
51. happy  
52. sad  
53. sad  
54. happy  
55. neutral  
56. happy  
57. happy  
58. excited  
59. excited  
60. excited  
61. confused (surprised*)  
62. happy  
63. neutral  
64. neutral  
65. happy  
66. happy  
67. happy  
68. happy  
69. happy  
70. nervous (fear*)  
71. surprised  
72. nervous (fear*)  
73. nervous (fear*)  
74. neutral  
75. excited  
76. nervous (fear*)  
77. amused (happy*)  
78. neutral  
79. surprised  
80. confused (surprised*)  
81. sarcastic (neutral*)  
82. happy  
83. sarcastic (neutral*)  
84. excited  
85. excited  
86. neutral  
87. neutral  
88. excited  
89. neutral  
90. excited  
91. happy  
92. excited  
93. excited  
94. excited  
95. excited  
96. happy  
97. happy  
98. neutral  
99. neutral  
100. neutral  
101. sad  
102. frustrated  
103. sad  
104. neutral  
105. happy  
106. neutral  
107. neutral  
108. neutral  
109. neutral  
110. sarcastic (neutral*)  
111. neutral  
112. neutral  
113. neutral  
114. neutral  
115. neutral  
116. sarcastic (neutral*)  
117. neutral  
118. neutral  
119. frustrated  
120. neutral  
121. sarcastic (neutral*)  
122. excited  
123. frustrated  
124. surprised  
125. frustrated  
126. frustrated  
127. surprised  
128. neutral  
129. frustrated  
130. frustrated  
131. frustrated  
132. happy  
133. happy  
134. happy  
135. happy  
136. happy  
137. happy  
138. neutral  
139. frustrated  
140. frustrated  
141. neutral  
142. frustrated  
143. neutral  
144. neutral  
145. neutral  
146. neutral  
147. excited  
148. frustrated  
149. neutral  
150. neutral  
151. neutral  
152. neutral  
153. neutral  
154. frustrated  
155. sarcastic (frustrated*)  
156. neutral  
157. sad  
158. neutral  
159. sad  
160. happy  
161. frustrated  
162. happy  
163. neutral  
164. happy  
165. happy  
166. happy  
167. happy  
"\*Note: For sarcastic/amused lines without clear emotion markers, ""neutral"" is used as the baseline. Nervousness is categorized as ""fear"" per the label options."
"Based on the conversation context, here is the emotion for each sentence:"
1. neutral  
2. neutral  
3. neutral  
4. neutral  
5. neutral  
6. neutral  
7. neutral  
8. neutral  
9. neutral  
10. frustrated  
11. neutral  
12. neutral  
13. neutral  
14. frustrated  
15. frustrated  
16. frustrated  
17. neutral  
18. angry  
19. neutral  
20. angry  
21. angry  
22. angry  
23. neutral  
24. neutral  
25. neutral  
26. frustrated  
27. neutral  
28. neutral  
29. neutral  
30. frustrated  
31. neutral  
32. angry  
33. angry  
34. neutral  
35. neutral  
36. frustrated  
37. neutral  
38. frustrated  
39. frustrated  
40. neutral  
41. frustrated  
42. frustrated  
43. neutral  
44. neutral  
45. frustrated  
46. neutral  
47. neutral  
48. neutral
"Based on the context and dialogical acts, here is the emotion for each numbered sentence in the conversation:"
1. fear  
2. neutral  
3. neutral  
4. neutral  
5. neutral  
6. neutral  
7. fear  
8. neutral  
9. frustrated  
10. surprised  
11. frustrated  
12. neutral  
13. frustrated  
14. frustrated  
15. frustrated  
16. frustrated  
17. fear  
18. frustrated  
19. frustrated  
20. frustrated  
21. frustrated  
22. neutral  
23. frustrated  
24. frustrated  
25. neutral  
26. neutral  
27. neutral  
28. neutral  
29. neutral  
30. frustrated  
31. neutral  
32. neutral  
33. fear  
34. frustrated  
35. frustrated  
36. angry  
37. angry  
38. neutral  
39. frustrated  
40. fear  
41. sad  
42. frustrated  
43. neutral  
44. angry  
45. neutral  
46. neutral  
47. fear  
48. neutral  
49. frustrated  
50. frustrated  
51. frustrated  
52. frustrated  
53. frustrated  
54. frustrated  
55. frustrated  
56. frustrated  
57. fear  
58. fear  
59. neutral  
60. neutral  
61. frustrated  
62. sad  
63. surprised  
64. neutral  
65. surprised  
66. angry  
67. surprised  
68. neutral  
69. frustrated  
70. neutral  
71. neutral  
72. surprised  
73. neutral  
74. neutral  
75. neutral  
76. neutral  
77. sad  
78. neutral  
79. neutral  
80. neutral  
81. sad  
82. neutral  
83. neutral
"Based on the dialogical context, here are the emotions for each line:"
1.  **frustrated** (Fey questions the invitation with irritation)  
2.  **neutral** (Joey asks a probing but calm question)  
3.  **frustrated** (Fey expresses impatience and disbelief)  
"4.  **neutral** (Joey offers a tentative, reasonable explanation)  "
5.  **frustrated** (Joey reacts defensively to Fey's accusatory look)  
"6.  **sad** (Fey states a resigned, painful certainty)  "
7.  **neutral** (Joey questions Fey's assumption calmly)  
8.  **sad** (Fey implies a sorrowful inevitability)  
9.  **neutral** (Joey attempts to interject reasonably)  
10. **frustrated** (Fey cuts Joey off abruptly)  
"11. **frustrated** (Joey stammers, struggling with Fey's logic)  "
12. **sad** (Fey asserts painful knowledge with resignation)  
13. **sad** (Fey speaks of faithfulness with melancholy admiration)  
14. **neutral** (Joey questions Fey's certainty calmly)  
15. **frustrated** (Fey insists aggressively on her viewpoint)  
16. **sad** (Fey reveals deep personal sorrow and reliance on faith)  
17. **frustrated** (Joey tries to deflect the argument with irritation)  
"18. **angry** (Fey issues a protective, confrontational warning)  "
19. **frustrated** (Joey responds defensively to demands)  
"20. **angry** (Fey makes an accusatory, commanding ultimatum)  "
21. **frustrated** (Joey attempts to interject but is cut off)  
22. **fear** (Fey expresses desperate vulnerability with a threat)  
23. **frustrated** (Fey challenges Joey while recounting a disturbing event)  
24. **fear** (Fey reacts with panic to the broken memorial)  
25. **neutral** (Joey attempts to soothe her)  
26. **fear** (Fey pleads desperately for shared belief)  
27. **neutral** (Joey repeats a calming instruction)  
28. **excited** (Fey uses hopeful evidence urgently)  
29. **frustrated** (Joey placates her with visible strain)  
"30. **fear** (Fey makes an intense, pleading demand)  "
31. **frustrated** (Joey questions the pressure defensively)  
32. **fear** (Fey begs with desperate vulnerability)  
33. **frustrated** (Joey reacts to her physical state and pressure)  
34. **sad** (Fey admits helpless distress)  
35. **frustrated** (Joey explodes defensively at her accusations)
Based on the context and dialogical acts:
1. neutral  
2. sad  
3. happy  
4. happy  
5. neutral  
6. frustrated  
7. neutral  
8. neutral  
9. surprised  
10. neutral  
11. sad  
12. neutral  
13. neutral  
14. excited  
15. happy  
16. excited  
17. frustrated  
18. sad  
19. happy  
20. fear  
21. happy  
22. fear  
23. neutral  
24. neutral  
25. neutral  
26. surprised  
27. happy  
28. frustrated  
29. frustrated  
30. excited  
31. excited  
32. anger  
33. happy  
34. frustrated  
35. frustrated  
36. frustrated  
37. fear  
38. excited  
39. fear  
40. neutral  
41. frustrated  
42. sad  
43. frustrated  
44. fear  
45. sad  
46. frustrated  
47. neutral  
48. neutral  
49. sad  
50. surprised  
51. sad  
52. sad  
53. sad  
54. sad  
55. sad  
56. sad  
57. sad  
58. sad  
59. sad  
60. sad  
61. sad  
62. sad  
63. sad  
64. sad  
65. sad  
66. sad  
67. sad  
68. sad  
69. neutral  
70. happy  
71. happy  
72. happy  
73. happy  
74. excited  
75. frustrated
"Based on the dialogue and context, here are the emotions for each numbered sentence:"
1.  **excited** (Enthusiastic description of the night and event)
2.  **fear** (Expresses fear of missing the event)
"3.  **neutral** (Simple, unemotional response)"
4.  **frustrated** (Uncertainty and inability to identify something)
5.  **frustrated** (Self-doubt and seeking reassurance)
6.  **frustrated** (Self-directed anger over forgetting)
7.  **neutral** (Simple question for clarification)
8.  **neutral** (Clarifying statement)
9.  **frustrated** (Correcting ownership with implied irritation)
10. **neutral** (Simple agreement)
11. **frustrated** (Directly expressing hurt feelings)
12. **frustrated** (Self-deprecating and correcting ownership again)
13. **neutral** (Pondering/questioning)
14. **neutral** (Simple affirmation)
15. **neutral** (Concerned question/suggestion)
16. **excited** (Enthusiastic about the idea of a six-pack)
17. **frustrated** (Self-deprecating over forgetfulness)
18. **neutral** (Curious pondering)
19. **neutral** (Stating a fact/feeling)
20. **neutral** (Offering help)
"21. **frustrated** (Expressing desire to leave, implying displeasure)"
22. **surprised** (Shocked reaction to leaving)
23. **frustrated** (Sarcastic agreement expressing pointlessness)
24. **neutral** (Simple agreement)
25. **frustrated** (Reinforcing her point with irritation)
26. **frustrated** (Attempting agreement but contradicting)
27. **frustrated** (Insistent request to leave)
28. **frustrated** (Confused correction and pleading question)
"29. **neutral** (Simple, disinterested statement)"
30. **neutral** (Simple question)
31. **frustrated** (Dismissive and negative judgment)
32. **excited** (Enthusiastic justification)
33. **excited** (Passionate argument for staying)
34. **frustrated** (Dismissive and sarcastic description)
35. **excited** (Passionate defense of the event)
36. **excited** (Enthusiastic description)
37. **frustrated** (Challenging his excitement dismissively)
38. **neutral** (Simple contradiction)
39. **frustrated** (Dismissive interjection)
40. **excited** (Attempting to justify uniqueness)
41. **excited** (Passionate comparison emphasizing wonder)
42. **frustrated** (Expressing confusion at her lack of interest)
"43. **neutral** (Simple, disinterested statement)"
44. **surprised** (Seeking confirmation due to disbelief)
45. **neutral** (Simple affirmation)
46. **frustrated** (Expressing confusion and recalling past enthusiasm)
47. **frustrated** (Recalling negative past experiences)
48. **frustrated** (Defensive explanation)
49. **frustrated** (Countering his point negatively)
50. **frustrated** (Repeating defensive explanation)
51. **frustrated** (Excitement turns to disappointment at seaweed)
52. **excited** (Reiterating enthusiasm despite her disinterest)
53. **excited** (Passionate description of the phenomenon)
54. **excited** (Continuing passionate description)
55. **excited** (Continuing passionate description)
56. **excited** (Philosophical and enthusiastic)
57. **excited** (Continuing passionate/awed description)
58. **excited** (Dramatic and enthusiastic conclusion)
59. **excited** (Physically reacting to his own passion)
"60. **neutral** (Practical, dismissive statement)"
61. **neutral** (Simple question)
62. **neutral** (Simple question for clarification)
63. **neutral** (Simple reference)
64. **frustrated** (Dismissive and negative judgment)
"Based on the dialogue, here is the emotion for each sentence:"
1.  neutral  
2.  neutral  
3.  frustrated  
4.  anger  
5.  frustrated  
6.  anger  
7.  frustrated  
8.  frustrated  
9.  surprised  
10. neutral  
11. frustrated  
12. anger  
13. frustrated  
14. neutral  
15. neutral  
16. frustrated  
17. surprised  
18. frustrated  
19. frustrated  
20. anger  
21. surprised  
22. sad  
23. frustrated  
24. frustrated  
25. neutral  
26. sad  
27. sad  
28. sad  
29. surprised  
30. frustrated  
31. frustrated  
32. sad  
33. frustrated  
34. frustrated  
35. neutral  
36. neutral  
37. neutral  
38. sad  
39. sad  
40. sad  
41. sad  
42. sad  
43. excited  
44. sad  
45. excited  
46. excited  
47. sad  
48. neutral  
49. neutral  
50. neutral  
51. neutral  
52. neutral  
53. neutral  
54. frustrated  
55. neutral  
56. neutral  
57. neutral  
58. surprised  
59. neutral  
60. neutral  
61. neutral  
62. frustrated  
63. sad  
64. frustrated  
65. frustrated  
66. sad  
67. sad  
68. sad  
69. sad  
70. sad  
71. neutral  
72. sad  
73. neutral  
74. sad  
75. sad  
76. sad  
77. neutral  
78. sad  
79. sad  
80. neutral  
81. sad  
82. neutral  
83. neutral  
84. sad  
85. sad  
86. neutral  
87. neutral  
88. neutral  
89. neutral  
90. neutral  
91. neutral  
92. surprised  
93. neutral  
94. neutral  
95. neutral  
96. sad  
97. neutral  
98. neutral  
99. neutral
"Based on the context and dialogical acts, here is the emotion for each sentence:"
1. neutral  
2. fear  
3. neutral  
4. fear  
5. happy  
6. happy  
7. happy  
8. neutral  
9. surprised  
10. fear  
11. fear  
12. neutral  
13. neutral  
14. excited  
15. happy  
16. sad  
17. sad  
18. sad  
19. neutral  
20. sad  
21. frustrated  
22. frustrated  
23. neutral  
24. neutral  
25. anger  
26. excited  
27. anger  
28. sad  
29. neutral  
30. sad  
31. neutral  
32. frustrated  
33. sad  
34. fear  
35. neutral  
36. fear  
37. happy  
38. sad  
39. excited  
40. happy  
41. happy  
42. excited  
43. excited  
44. happy  
45. happy  
46. happy  
47. happy  
48. neutral  
49. neutral  
50. neutral  
51. happy  
52. anger  
53. frustrated  
54. neutral  
55. neutral  
56. frustrated  
57. neutral  
58. happy  
59. sad  
60. neutral  
61. happy  
62. happy  
63. happy  
64. happy  
65. happy  
66. neutral
"Based on the context of the escalating argument and mutual hostility, the emotions are:"
1. neutral  
2. neutral  
3. anger  
4. neutral  
5. anger  
6. neutral  
7. anger  
8. anger  
9. frustrated  
10. neutral  
11. anger  
12. neutral  
13. anger  
14. neutral  
15. sad  
16. anger  
17. frustrated  
18. neutral  
19. neutral  
20. neutral  
21. neutral  
22. frustrated  
23. neutral  
24. frustrated  
25. frustrated  
26. frustrated  
27. frustrated  
28. anger  
29. frustrated  
30. neutral  
31. neutral  
32. neutral  
33. frustrated  
34. frustrated  
35. frustrated  
36. neutral  
37. frustrated  
38. frustrated  
39. anger  
40. anger  
41. anger  
42. anger  
43. frustrated  
44. anger  
45. anger  
46. anger  
47. frustrated  
48. neutral  
49. neutral  
50. anger  
51. anger  
52. anger  
53. anger  
54. anger  
55. anger  
56. frustrated  
57. anger  
58. frustrated  
59. anger  
60. frustrated  
61. anger  
62. neutral  
63. neutral  
64. neutral  
65. neutral  
66. neutral  
67. neutral  
68. neutral  
69. neutral  
70. neutral  
71. anger  
72. anger  
73. anger  
74. frustrated  
75. anger  
76. anger  
77. neutral  
78. anger  
79. anger  
80. anger  
81. anger  
82. anger  
83. anger  
84. anger  
85. anger  
86. anger  
87. anger  
88. anger  
89. anger  
90. anger  
91. anger
"Based on the dialogical context, here is the emotion for each numbered sentence:  "
1. **neutral** (Joey states his purpose calmly)  
2. **neutral** (Fey asks a routine question)  
3. **frustrated** (Joey stammers while recounting a problem)  
4. **frustrated** (Joey expresses helplessness about the line)  
5. **neutral** (Fey asks a procedural question)  
6. **neutral** (Joey confirms simply)  
7. **neutral** (Fey states a fact with mild apology)  
8. **frustrated** (Joey reacts to inconvenience with strained patience)  
9. **neutral** (Fey gives instructions firmly)  
"10. **frustrated** (Joey interrupts, showing disbelief)  "
11. **frustrated** (Joey challenges her accusatorily)  
12. **neutral** (Fey denies calmly)  
13. **neutral** (Fey repeats instructions)  
14. **frustrated** (Joey argues with exasperation)  
15. **neutral** (Fey denies again)  
16. **frustrated** (Joey pleads impatiently)  
17. **neutral** (Fey refuses)  
18. **neutral** (Fey cites rules firmly)  
19. **frustrated** (Joey struggles to compose request)  
20. **neutral** (Fey redirects firmly)  
21. **frustrated** (Joey pleads desperately)  
22. **neutral** (Fey apologizes formally)  
23. **neutral** (Fey reiterates instructions)  
"24. **frustrated** (Joey offers bribes, showing desperation)  "
25. **frustrated** (Joey repeats bribe offer insistently)  
26. **frustrated** (Fey dismisses with sarcasm)  
27. **frustrated** (Joey continues pleading)  
28. **frustrated** (Fey shares personal stress defensively)  
29. **angry** (Joey dismisses her feelings aggressively)  
30. **neutral** (Fey states policy bluntly)  
31. **frustrated** (Joey makes a final plea)  
32. **neutral** (Fey refuses and offers alternatives)  
33. **frustrated** (Joey expresses helplessness)  
34. **frustrated** (Joey downplays rules sarcastically)  
35. **angry** (Joey uses condescension)  
36. **frustrated** (Joey begs again)  
37. **neutral** (Fey refuses)  
38. **frustrated** (Joey insists stubbornly)  
39. **angry** (Joey insults her)  
40. **neutral** (Fey apologizes but stands firm)  
41. **frustrated** (Joey pleads once more)  
42. **frustrated** (Fey threatens with irritation)  
43. **frustrated** (Fey taunts him)  
44. **frustrated** (Joey concedes resentfully)  
45. **neutral** (Fey answers directly)  
46. **angry** (Joey replies with sarcastic thanks)  
47. **frustrated** (Fey responds with sarcasm)
"Based on the dialogue, here is the emotion for each sentence:"
1. sad  
2. frustrated  
3. sad  
4. angry  
5. neutral  
6. sad  
7. neutral  
8. sad  
9. frustrated  
10. angry  
11. frustrated  
12. frustrated  
13. frustrated  
14. angry  
15. neutral  
16. angry  
17. frustrated  
18. angry  
19. sad  
20. frustrated  
21. sad  
22. frustrated  
23. sad  
24. sad  
25. frustrated  
26. frustrated  
27. sad  
28. sad  
29. neutral  
30. neutral  
31. angry  
32. frustrated  
33. angry  
34. frustrated  
35. angry  
36. sad  
37. angry  
38. frustrated  
39. angry  
40. surprised  
41. angry  
42. neutral  
43. frustrated  
44. frustrated  
45. angry  
46. neutral  
47. angry  
48. frustrated  
49. angry  
50. frustrated  
51. sad  
52. sad
"Based on the conversation, here is the emotion for each sentence:"
1. happy  
2. surprised  
3. excited  
4. neutral  
5. happy  
6. neutral  
7. neutral  
8. excited  
9. neutral  
10. neutral  
11. excited  
12. happy  
13. neutral  
14. neutral  
15. happy  
16. happy  
17. happy  
18. neutral  
19. excited  
20. surprised  
21. excited  
22. excited  
23. neutral  
24. surprised  
25. neutral  
26. neutral  
27. neutral  
28. excited  
29. neutral  
30. neutral  
31. excited  
32. neutral  
33. happy  
34. happy  
35. excited  
36. neutral  
37. happy  
38. neutral  
39. excited  
40. fear  
41. happy  
42. excited  
43. neutral  
44. neutral  
45. happy  
46. happy  
47. happy  
48. neutral  
49. happy  
50. excited  
51. happy  
52. happy  
53. happy  
54. neutral
"Based on the conversation, the emotions for each sentence are:"
1. frustrated  
2. frustrated  
3. frustrated  
4. neutral  
5. frustrated  
6. neutral  
7. neutral  
8. frustrated  
9. frustrated  
10. frustrated  
11. neutral  
12. frustrated  
13. neutral  
14. frustrated  
15. sad  
16. neutral  
17. anger  
18. neutral  
19. anger  
20. surprised  
21. anger  
22. surprised  
23. anger  
24. neutral  
25. anger  
26. neutral  
27. anger  
28. anger  
29. surprised  
30. anger  
31. neutral  
32. anger  
33. neutral  
34. anger  
35. surprised  
36. neutral  
37. sad
"Based on the conversation context, here are the emotions for each line:"
1.  neutral  
2.  neutral  
3.  neutral  
4.  frustrated  
5.  surprised  
6.  neutral  
7.  frustrated  
8.  neutral  
9.  neutral  
10. neutral  
11. surprised  
12. neutral  
13. anger  
14. anger  
15. frustrated  
16. neutral  
17. anger  
18. neutral  
19. anger  
20. neutral  
21. neutral  
22. frustrated  
23. neutral  
24. frustrated  
25. neutral  
26. frustrated  
27. anger  
28. neutral  
29. neutral  
30. anger  
31. anger  
32. neutral  
33. neutral  
34. anger  
35. neutral  
36. anger  
37. neutral  
38. frustrated  
39. neutral  
40. neutral  
41. frustrated  
42. neutral  
43. frustrated  
44. frustrated  
45. neutral  
46. neutral  
47. frustrated  
48. fear  
49. anger  
50. neutral  
51. neutral  
52. frustrated  
53. neutral  
54. neutral  
55. frustrated  
56. frustrated  
57. neutral  
58. frustrated  
59. frustrated  
60. neutral  
61. frustrated  
62. neutral  
63. sad  
64. neutral  
65. sad  
66. neutral  
67. anger  
68. frustrated  
69. frustrated  
70. anger  
71. neutral  
72. anger  
73. neutral  
74. frustrated  
75. surprised  
76. anger  
77. anger
"Based on the context of grief, loss, and helplessness throughout the conversation, the emotions are as follows:"
1. neutral  
2. sad  
3. sad  
4. sad  
5. sad  
6. sad  
7. sad  
8. frustrated  
9. sad  
10. sad  
11. neutral  
12. sad  
13. sad  
14. sad  
15. sad  
16. sad  
17. sad  
18. neutral  
19. frustrated  
20. frustrated  
21. frustrated  
22. sad  
23. neutral  
24. sad  
25. sad  
26. sad  
27. sad  
28. sad  
29. sad  
30. sad  
31. sad  
32. sad  
33. sad
"Based on the context and dialogical acts, here is the emotion for each numbered line:"
1. excited  
2. surprised  
3. neutral  
4. neutral  
5. neutral  
6. excited  
7. happy  
8. neutral  
9. surprised  
10. neutral  
11. happy  
12. neutral  
13. neutral  
14. neutral  
15. frustrated  
16. happy  
17. excited  
18. surprised  
19. happy  
20. happy  
21. excited  
22. happy  
23. neutral  
24. happy  
25. excited  
26. happy  
27. excited  
28. happy  
29. neutral  
30. neutral  
31. neutral  
32. neutral  
33. excited  
34. neutral  
35. happy  
36. excited  
37. neutral  
38. surprised  
39. happy  
40. sad  
41. neutral  
42. excited  
43. excited  
44. neutral  
45. excited  
46. neutral  
47. neutral  
48. neutral  
49. excited  
50. neutral  
51. neutral  
52. neutral  
53. excited  
54. excited  
55. neutral  
56. frustrated  
57. frustrated  
58. excited  
59. frustrated  
60. excited  
61. neutral  
62. excited  
63. neutral  
64. neutral  
65. neutral  
66. happy  
67. neutral  
68. surprised  
69. neutral  
70. frustrated  
71. neutral  
72. frustrated  
73. neutral  
74. frustrated
1. neutral  
2. neutral  
3. neutral  
4. frustrated  
5. neutral  
6. neutral  
7. neutral  
8. neutral  
9. neutral  
10. frustrated  
11. frustrated  
12. neutral  
13. frustrated  
14. neutral  
15. frustrated  
16. neutral  
17. frustrated  
18. neutral  
19. neutral  
20. frustrated  
21. frustrated  
22. neutral  
23. frustrated  
24. neutral  
25. surprised  
26. neutral  
27. frustrated  
28. neutral  
29. surprised  
30. neutral  
31. neutral  
32. neutral  
33. neutral  
34. neutral  
35. happy  
36. neutral  
37. happy  
38. neutral  
39. surprised  
40. frustrated  
41. neutral  
42. neutral  
43. neutral  
44. neutral  
45. neutral  
46. neutral  
47. neutral  
48. neutral
"Based on the conversation, here is the emotion for each sentence:"
1. fear  
2. neutral  
3. neutral  
4. neutral  
5. neutral  
6. neutral  
7. sad  
8. sad  
9. fear  
10. sad  
11. surprised  
12. frustrated  
13. neutral  
14. frustrated  
15. frustrated  
16. frustrated  
17. fear  
18. frustrated  
19. neutral  
20. frustrated  
21. frustrated  
22. neutral  
23. fear  
24. excited  
25. neutral  
26. excited  
27. neutral  
28. frustrated  
29. neutral  
30. neutral  
31. fear  
32. frustrated  
33. neutral  
34. anger  
35. frustrated  
36. frustrated  
37. neutral  
38. frustrated  
39. neutral  
40. anger  
41. neutral  
42. neutral  
43. fear  
44. frustrated  
45. frustrated  
46. neutral  
47. frustrated  
48. frustrated  
49. fear  
50. frustrated  
51. fear  
52. neutral  
53. neutral  
54. frustrated  
55. neutral  
56. surprised  
57. anger  
58. surprised  
59. anger  
60. fear  
61. frustrated  
62. neutral  
63. excited  
64. excited  
65. fear  
66. neutral  
67. fear  
68. neutral  
69. sad  
70. neutral  
71. fear  
72. frustrated  
73. sad  
74. neutral  
75. frustrated
Based on the dialogical context:
1.  **frustrated** (Fey questions the invitation with possessiveness/concern)
2.  **surprised** (Joey's stammering indicates unexpected realization)
"3.  **frustrated** (Fey fixates on the suddenness, showing irritation)"
"4.  **neutral** (Joey offers a simple, plausible explanation)"
5.  **frustrated** (Joey reacts defensively to perceived accusation)
"6.  **angry** (Fey makes a definitive, negative declaration)"
7.  **neutral** (Joey questions her assumption logically)
"8.  **sad** (Fey expresses a resigned, melancholic observation)"
9.  **frustrated** (Joey dismisses her point with impatience)
10. **angry** (Fey demands attention forcefully/authoritatively)
"11. **surprised** (Joey mocks her tone, indicating unexpected sharpness)"
12. **angry** (Fey states a possessive fact emphatically/defensively)
13. **neutral** (Joey counters with a logical point)
"14. **frustrated** (Fey questions intensely, showing exasperation)"
15. **neutral** (Joey questions her assumption logically)
"16. **sad** (Fey reveals deep, painful conviction and reliance)"
"17. **frustrated** (Joey asks helplessly, overwhelmed by her demands)"
18. **angry** (Fey issues a direct command/threat)
19. **frustrated** (Joey tries to interject/reason)
"20. **fear** (Fey makes a desperate, suicidal threat revealing terror)"
"21. **angry** (Fey challenges mockingly, connecting events superstitiously)"
22. **fear** (Fey interprets an event superstitiously with panic)
23. **neutral** (Joey attempts to de-escalate)
24. **sad** (Fey pleads desperately for support)
25. **neutral** (Joey repeats attempt to de-escalate)
26. **sad** (Fey pleads with intense personal focus)
27. **surprised** (Joey reacts to the unexpected personal focus)
"28. **sad** (Fey makes a desperate, simple plea)"
"29. **frustrated** (Joey demands explanation, noting her physical state)"
30. **sad** (Fey admits helplessness/distress)
31. **frustrated** (Joey explodes with confusion and exasperation)
"Based on the dialogue and context, here is the emotion for each numbered sentence:"
1. neutral  
2. neutral  
3. neutral  
4. neutral  
5. surprised  
6. neutral  
7. neutral  
8. neutral  
9. neutral  
10. excited  
11. frustrated  
12. frustrated  
13. frustrated  
14. happy  
15. neutral  
16. neutral  
17. surprised  
18. happy  
19. excited  
20. excited  
21. anger  
22. excited  
23. anger  
24. excited  
25. fear  
26. neutral  
27. fear  
28. sad  
29. frustrated  
30. frustrated  
31. sad  
32. neutral  
33. neutral  
34. sad  
35. sad  
36. sad  
37. neutral  
38. neutral  
39. sad  
40. sad  
41. sad  
42. sad  
43. neutral  
44. neutral  
45. excited  
46. neutral
"Based on the context and dialogical acts, here is the emotion for each sentence:"
1. excited  
2. frustrated  
3. frustrated  
4. neutral  
5. neutral  
6. frustrated  
7. neutral  
8. frustrated  
9. frustrated  
10. frustrated  
11. frustrated  
12. neutral  
13. neutral  
14. surprised  
15. neutral  
16. neutral  
17. frustrated  
18. frustrated  
19. neutral  
20. neutral  
21. frustrated  
22. frustrated  
23. frustrated  
24. frustrated  
25. excited  
26. frustrated  
27. frustrated  
28. excited  
29. neutral  
30. frustrated  
31. frustrated  
32. frustrated  
33. excited  
34. excited  
35. excited  
36. excited  
37. excited  
38. neutral  
39. neutral  
40. frustrated
"Based on the dialogue and context, here are the emotions for each line:"
1.  **neutral** (Stating a physical observation)
2.  **neutral** (Assertive statement)
"3.  **frustrated** (Dismissive, expressing disbelief)"
"4.  **frustrated** (Defensive, contradicting)"
"5.  **sad** (Reflective, expressing disillusionment and recurring disappointment)"
"6.  **neutral** (Asking a question, though potentially provocative)"
"7.  **anger** (Strong reaction: ""Goddamn it"", ""hate"", ""insulting"")"
8.  **neutral** (Matter-of-fact description)
9.  **frustrated** (Exasperated denial)
10. **neutral** (Simple question)
11. **sad** (Rhetorical questions expressing disappointment/hopelessness)
12. **neutral** (Correcting a factual point)
13. **frustrated** (Minimizing the significance of the misses)
14. **frustrated** (Insisting on the significance of the misses)
15. **frustrated** (Expressing confusion or exasperation about her stance)
16. **frustrated** (Feeling misunderstood)
17. **neutral** (Simple agreement/acknowledgment)
18. **sad** (Expressing repeated hope and inevitable disappointment)
19. **frustrated** (Minimizing her emotional reaction)
20. **frustrated** (Insisting the issue is deeper than the surface)
21. **neutral** (Stating actions)
22. **neutral** (Filler sound)
23. **sad** (Nostalgic recollection of a happier time)
24. **happy** (Recalling a moment of deep happiness and fulfillment)
25. **excited** (Sudden realization/eagerness to recall)
"26. **sad** (Nostalgic, wistful recollection)"
"27. **excited** (Eagerly recalling details, trying to connect)"
28. **sad** (Expressing a desire to avoid painful memories/hopes)
"29. **neutral** (Accepting, then offering)"
30. **neutral** (Simple denial)
31. **neutral** (Offering)
32. **neutral** (Simple denial)
"33. **neutral** (Offering, potentially sarcastic but stated plainly)"
34. **neutral** (Simple denial)
35. **neutral** (Asking a question)
36. **neutral** (Simple denial)
37. **neutral** (Offering)
38. **sad** (Expressing a core desire for unmet expectations)
"39. **frustrated** (Sarcastic ""welcome"", expressing shared disappointment)"
40. **sad** (Recalling lost illusions and hopes)
41. **frustrated** (Bitterly stating the disappointment of reality vs. fantasy)
42. **sad** (Expressing emptiness and lack of meaning in the current situation)
43. **neutral** (Simple affirmation)
44. **sad** (Expressing disappointment with reality)
45. **sad** (Agreeing with the disappointment)
46. **frustrated** (Struggling to articulate complex feelings)
47. **neutral** (Stating effort)
48. **sad** (Acknowledging his effort but expressing her own melancholy)
"49. **neutral** (Suggesting a possibility, tone is probing rather than accusatory)"
50. **neutral** (Simple denial)
51. **sad** (Expressing self-doubt and perceived failure)
52. **happy** (Affirming commitment and preference despite difficulties)
53. **neutral** (Seeking confirmation)
"54. **frustrated** (Dismissive ""ridiculous"", projecting her own insecurities onto him)"
55. **neutral** (Simple denial)
"56. **neutral** (Accepting the situation, stating a conclusion)"
57. **neutral** (Adding uncertainty to the previous statement)
1. surprised  
2. fear  
3. fear  
4. fear  
5. frustrated  
6. sad  
7. surprised  
8. fear  
9. fear  
10. neutral  
11. happy  
12. sad  
13. sad  
14. sad  
15. surprised  
16. neutral  
17. excited  
18. sad  
19. happy  
20. sad  
21. neutral  
22. sad  
23. sad  
24. sad  
25. excited  
26. sad  
27. happy  
28. neutral  
29. excited  
30. excited  
31. neutral  
32. happy  
33. happy  
34. neutral  
35. happy  
36. neutral  
37. neutral  
38. neutral  
39. neutral  
40. neutral  
41. happy  
42. neutral  
43. neutral  
44. happy  
45. happy  
46. happy  
47. neutral
"Based on the conversation's context, here is the emotion for each sentence:"
1. excited  
2. sad  
3. surprised  
4. frustrated  
5. neutral  
6. frustrated  
7. angry  
8. frustrated  
9. angry  
10. frustrated  
11. frustrated  
12. angry  
13. frustrated  
14. angry  
15. frustrated  
16. frustrated  
17. frustrated  
18. neutral  
19. neutral  
20. neutral  
21. frustrated  
22. frustrated  
23. angry  
24. angry  
25. angry  
26. angry  
27. neutral  
28. frustrated  
29. sad  
30. neutral  
31. neutral  
32. angry  
33. frustrated  
34. frustrated  
35. angry  
36. angry  
37. frustrated  
38. angry  
39. angry  
40. angry  
41. angry  
42. angry  
43. angry  
44. angry  
45. angry  
46. angry  
47. angry  
48. angry  
49. frustrated  
50. angry  
51. angry  
52. angry  
53. frustrated  
54. angry  
55. frustrated  
56. angry  
57. neutral  
58. frustrated  
59. neutral  
60. frustrated  
61. frustrated  
62. angry  
63. angry  
64. angry  
65. angry  
66. angry  
67. frustrated  
68. neutral  
69. angry  
70. angry  
71. angry  
72. angry  
73. angry  
74. angry  
75. angry  
76. angry  
77. angry  
78. angry  
79. angry  
80. angry  
81. angry  
82. angry
"Based on the conversation, here are the emotions for each line:"
1. neutral  
2. neutral  
3. frustrated  
4. frustrated  
5. neutral  
6. frustrated  
7. neutral  
8. frustrated  
9. neutral  
10. frustrated  
11. neutral  
12. frustrated  
13. neutral  
14. sad  
15. neutral  
16. sad  
17. neutral  
18. frustrated  
19. neutral  
20. frustrated  
21. neutral  
22. sad  
23. neutral  
24. frustrated  
25. frustrated  
26. sad  
27. anger  
28. anger  
29. sad  
30. anger  
31. frustrated  
32. anger  
33. neutral  
34. anger  
35. anger  
36. neutral  
37. sad  
38. neutral  
39. frustrated  
40. neutral  
41. frustrated  
42. neutral  
43. frustrated  
44. neutral  
45. frustrated  
46. neutral  
47. frustrated  
48. neutral  
49. sad  
50. neutral
Based on the conversational context and emotional progression:
1.  **fear** (Urgent request to sit implies apprehension)  
2.  **fear** (Anxious anticipation of bad news)  
3.  **fear** (Hesitation indicates distress)  
4.  **fear** (Reassurance amid tension)  
5.  **frustrated** (Struggling to explain difficult news)  
6.  **fear** (Alarmed concern)  
7.  **fear** (Nervous reassurance)  
8.  **fear** (Dreadful announcement setup)  
9.  **fear** (Continued hesitation)  
10. **fear** (Terse acknowledgment under stress)  
11. **sad** (Delivery of life-altering news)  
12. **sad** (Resigned realization)  
13. **sad** (Dread-filled confirmation)  
14. **frustrated** (Confrontation about broken expectation)  
15. **sad** (Guilty resignation)  
16. **fear** (Overwhelmed helplessness)  
17. **sad** (Hopeless response)  
18. **fear** (Panic about incapability)  
19. **fear** (Abrupt distress about children)  
20. **sad** (Weary acknowledgment)  
21. **sad** (Despondent isolation)  
22. **frustrated** (Strained attempt at solution)  
23. **fear** (Urgent need for details)  
24. **sad** (Heavy confirmation)  
25. **fear** (Frantic worry about danger)  
26. **fear** (Uncertain admission)  
27. **frustrated** (Cut-off protest)  
28. **frustrated** (Desperate bargaining)  
29. **sad** (Defeated acceptance)  
30. **angry** (Outraged questioning)  
31. **sad** (Wearily agreeing)  
32. **angry** (Blaming and criticizing)  
33. **frustrated** (Defensive helplessness)  
34. **fear** (Repeated panic)  
35. **frustrated** (Pressured questioning)  
36. **fear** (Overwhelmed by responsibility)  
37. **fear** (Self-doubt and panic)  
38. **frustrated** (Unwilling suggestion)  
39. **surprised** (Shocked disbelief at proposal)  
40. **frustrated** (Flustered justification)  
41. **frustrated** (Rejecting solution resentfully)  
42. **frustrated** (Forced reassurance)  
43. **sad** (Pained silence)  
44. **sad** (Bitter acknowledgment)  
45. **sad** (Defeated sigh)  
46. **frustrated** (Insistent probing)  
47. **fear** (Desperate pleading to prevent departure)  
48. **sad** (Hopeless resignation)  
49. **fear** (Wild improvisation to avoid loss)  
50. **sad** (Exhausted plea for understanding)  
51. **angry** (Indignant protest)  
52. **sad** (Empathetic agreement)  
53. **angry** (Resentful questioning of fairness)  
54. **frustrated** (Defeated rationale)  
55. **angry** (Challenging justification)  
56. **frustrated** (Overwhelmed by pressure)  
57. **sad** (Desolate loneliness)  
58. **sad** (Vulnerable admission of fear)  
59. **fear** (Anxious concern for partner's safety)  
60. **sad** (Weary acknowledgment)  
61. **fear** (Dread of mortality)  
62. **sad** (Solemn agreement)  
63. **sad** (Incomplete despair)  
64. **frustrated** (Forced problem-solving)  
65. **sad** (Uncertain hopelessness)  
66. **frustrated** (Tentative suggestion)  
67. **sad** (Reluctant acceptance)  
68. **sad** (Guilty apology amid resignation)  
69. **sad** (Grief over missed moments)  
70. **sad** (Shared sorrow)  
71. **sad** (Request born of longing)  
72. **fear** (Anxious seeking of connection)  
73. **fear** (Uncertain reassurance)  
74. **fear** (Pleading for reassurance)  
75. **sad** (Limited promise)  
76. **fear** (Urgent need to know timeline)  
77. **sad** (Heavy revelation)  
78. **surprised** (Shock at short timeframe)  
79. **sad** (Flat confirmation)  
80. **fear** (Forced/panicked self-reassurance)  
81. **sad** (Resigned agreement)  
82. **sad** (Loving affirmation amid grief)  
83. **sad** (Heartbroken farewell)
1. neutral  
2. neutral  
3. neutral  
4. happy  
5. surprised  
6. neutral  
7. surprised  
8. neutral  
9. surprised  
10. neutral  
11. excited  
12. neutral  
13. surprised  
14. happy  
15. surprised  
16. neutral  
17. surprised  
18. neutral  
19. neutral  
20. neutral  
21. neutral  
22. neutral  
23. frustrated  
24. neutral  
25. excited  
26. neutral  
27. excited  
28. neutral  
29. happy  
30. happy  
31. happy  
32. happy  
33. neutral  
34. neutral  
35. happy  
36. neutral  
37. neutral  
38. excited  
39. neutral  
40. happy  
41. excited  
42. neutral  
43. excited  
44. happy  
45. happy  
46. neutral  
47. neutral  
48. happy  
49. neutral  
50. neutral  
51. neutral  
52. neutral  
53. neutral  
54. neutral  
55. neutral  
56. neutral  
57. happy  
58. neutral  
59. neutral  
60. surprised  
61. neutral  
62. surprised  
63. neutral  
64. happy  
65. neutral  
66. neutral  
67. neutral  
68. excited  
69. neutral  
70. neutral  
71. happy  
72. happy  
73. happy  
74. neutral  
75. happy  
76. happy  
77. happy  
78. happy  
79. happy  
80. happy  
81. frustrated  
82. neutral  
83. neutral  
84. neutral  
85. neutral  
86. happy  
87. neutral  
88. neutral  
89. neutral  
90. happy  
91. neutral  
92. happy  
93. excited  
94. surprised  
95. surprised  
96. excited  
97. neutral  
98. neutral  
99. surprised  
100. neutral  
101. happy  
102. neutral  
103. neutral  
104. neutral  
105. neutral  
106. neutral  
107. neutral  
108. neutral  
109. neutral  
110. happy  
111. neutral  
112. neutral  
113. neutral  
114. neutral  
115. neutral  
116. neutral  
117. neutral  
118. neutral  
119. neutral  
120. neutral  
121. neutral  
122. happy  
123. happy  
124. neutral  
125. happy  
126. happy  
127. neutral  
128. happy  
129. neutral  
130. happy  
131. happy  
132. happy  
133. happy  
134. happy  
135. happy  
136. happy
"Based on the conversation, here are the emotions for each sentence:"
1.  **frustrated**  
2.  **neutral**  
3.  **sad**  
4.  **neutral**  
5.  **frustrated**  
6.  **neutral**  
7.  **frustrated**  
8.  **neutral**  
9.  **frustrated**  
10. **neutral**  
11. **frustrated**  
12. **neutral**  
13. **frustrated**  
14. **neutral**  
15. **frustrated**  
16. **neutral**  
17. **frustrated**  
18. **neutral**  
19. **frustrated**  
20. **neutral**  
21. **frustrated**  
22. **neutral**  
23. **neutral**  
24. **sad**  
25. **neutral**  
26. **anger**  
27. **neutral**  
28. **sad**  
29. **neutral**  
30. **sad**  
31. **neutral**  
32. **fear**  
33. **sad**  
34. **neutral**  
35. **sad**  
36. **neutral**  
37. **sad**  
38. **neutral**  
39. **fear**  
40. **neutral**  
41. **sad**  
42. **frustrated**  
43. **surprised**  
44. **frustrated**  
45. **sad**  
46. **neutral**  
47. **sad**  
48. **neutral**  
49. **frustrated**  
50. **neutral**  
51. **fear**  
52. **neutral**  
53. **sad**  
54. **neutral**  
55. **happy**  
56. **neutral**  
57. **sad**  
58. **neutral**  
59. **sad**  
60. **neutral**  
61. **neutral**  
62. **neutral**  
63. **neutral**  
64. **neutral**  
65. **neutral**  
66. **neutral**  
67. **frustrated**  
68. **neutral**  
69. **neutral**  
70. **neutral**  
71. **frustrated**  
72. **sad**  
73. **neutral**  
74. **neutral**  
75. **neutral**  
76. **neutral**  
77. **neutral**  
78. **neutral**  
79. **neutral**  
80. **neutral**  
81. **neutral**  
82. **neutral**  
83. **frustrated**  
84. **neutral**  
85. **neutral**  
86. **neutral**  
87. **neutral**  
88. **happy**  
89. **neutral**  
90. **neutral**  
91. **happy**  
92. **neutral**
1. fear  
2. neutral  
3. neutral  
4. neutral  
5. neutral  
6. neutral  
7. neutral  
8. neutral  
9. neutral  
10. neutral  
11. neutral  
12. neutral  
13. happy  
14. neutral  
15. neutral  
16. frustrated  
17. frustrated  
18. frustrated  
19. neutral  
20. frustrated  
21. neutral  
22. neutral  
23. neutral  
24. neutral  
25. neutral  
26. frustrated  
27. frustrated  
28. neutral  
29. neutral  
30. sad  
31. neutral  
32. sad  
33. neutral  
34. frustrated  
35. neutral  
36. angry  
37. frustrated  
38. angry  
39. neutral  
40. neutral  
41. neutral  
42. neutral  
43. frustrated  
44. angry  
45. frustrated  
46. angry  
47. frustrated  
48. angry  
49. neutral  
50. neutral  
51. angry  
52. neutral  
53. angry  
54. neutral  
55. angry  
56. neutral  
57. neutral  
58. neutral  
59. angry  
60. neutral  
61. angry  
62. frustrated  
63. angry  
64. neutral  
65. angry  
66. neutral  
67. frustrated  
68. neutral  
69. angry  
70. frustrated  
71. frustrated  
72. angry  
73. frustrated  
74. angry  
75. neutral  
76. angry  
77. frustrated  
78. angry  
79. frustrated  
80. angry  
81. frustrated  
82. angry  
83. neutral  
84. angry  
85. frustrated  
86. angry  
87. frustrated  
88. angry  
89. angry  
90. sad  
91. neutral  
92. sad  
93. neutral  
94. neutral  
95. frustrated  
96. neutral  
97. frustrated  
98. neutral  
99. neutral  
100. neutral
"Based on the context of the conversation about grief and loss, here is the emotion for each numbered sentence:"
1. neutral  
2. sad  
3. sad  
4. sad  
5. sad  
6. sad  
7. sad  
8. sad  
9. sad  
10. sad  
11. sad  
12. sad  
13. neutral  
14. neutral  
15. sad  
16. sad  
17. sad  
18. sad  
19. neutral  
20. sad  
21. neutral  
22. neutral  
23. sad  
24. sad  
25. neutral  
26. sad  
27. neutral  
28. sad  
29. neutral  
30. sad  
31. sad  
32. sad  
33. sad  
34. neutral  
35. neutral  
36. neutral  
37. neutral  
38. sad  
39. neutral  
40. neutral  
41. neutral  
42. sad  
43. sad  
44. sad  
45. sad  
46. neutral  
47. sad  
48. neutral  
49. neutral  
50. neutral  
51. sad  
52. neutral  
53. sad  
54. neutral  
55. happy  
56. neutral
1. excited  
2. neutral  
3. excited  
4. surprised  
5. neutral  
6. happy  
7. neutral  
8. fear  
9. neutral  
10. happy  
11. neutral  
12. neutral  
13. neutral  
14. happy  
15. frustrated  
16. happy  
17. surprised  
18. excited  
19. neutral  
20. neutral  
21. neutral  
22. excited  
23. neutral  
24. excited  
25. excited  
26. happy  
27. excited  
28. happy  
29. neutral  
30. excited  
31. excited  
32. happy  
33. excited  
34. neutral  
35. happy  
36. excited  
37. neutral  
38. neutral  
39. neutral  
40. excited  
41. neutral  
42. neutral  
43. excited  
44. fear  
45. neutral  
46. neutral  
47. happy  
48. neutral  
49. neutral  
50. excited  
51. fear  
52. excited  
53. excited  
54. excited  
55. happy  
56. excited  
57. excited  
58. neutral  
59. anger  
60. sad  
61. happy  
62. happy  
63. happy  
64. happy  
65. happy  
66. excited  
67. neutral  
68. happy  
69. excited  
70. happy  
71. excited  
72. excited  
73. neutral  
74. neutral  
75. excited  
76. excited  
77. excited
"Based on the context and dialogical acts, the emotions for each sentence are:"
1. neutral  
2. frustrated  
3. frustrated  
4. neutral  
5. frustrated  
6. happy  
7. neutral  
8. anger  
9. neutral  
10. neutral  
11. frustrated  
12. neutral  
13. neutral  
14. neutral  
15. neutral  
16. frustrated  
17. neutral  
18. neutral  
19. neutral  
20. neutral  
21. neutral  
22. frustrated  
23. neutral  
24. frustrated  
25. neutral  
26. neutral  
27. neutral  
28. neutral  
29. neutral  
30. neutral  
31. neutral  
32. neutral  
33. neutral  
34. surprised  
35. neutral  
36. happy  
37. neutral  
38. neutral  
39. neutral  
40. neutral  
41. neutral  
42. neutral  
43. neutral  
44. neutral  
45. neutral  
46. neutral  
47. neutral  
48. frustrated  
49. neutral  
50. surprised  
51. neutral  
52. happy  
53. neutral  
54. happy  
55. neutral  
56. neutral  
57. neutral  
58. happy  
59. neutral  
60. neutral  
61. neutral  
62. neutral  
63. happy  
64. neutral  
65. neutral  
66. happy  
67. neutral  
68. neutral
"Based on the context and emotional cues in each sentence, the emotions are:"
1. fear  
2. neutral  
3. surprised  
4. neutral  
5. neutral  
6. neutral  
7. fear  
8. neutral  
9. neutral  
10. neutral  
11. sad  
12. neutral  
13. sad  
14. sad  
15. neutral  
16. frustrated  
17. frustrated  
18. neutral  
19. frustrated  
20. neutral  
21. frustrated  
22. frustrated  
23. frustrated  
24. frustrated  
25. fear  
26. frustrated  
27. frustrated  
28. anger  
29. frustrated  
30. neutral  
31. anger  
32. frustrated  
33. neutral  
34. neutral  
35. neutral  
36. neutral  
37. neutral  
38. neutral  
39. frustrated  
40. neutral  
41. neutral  
42. fear  
43. anger  
44. anger  
45. frustrated  
46. anger  
47. frustrated  
48. sad  
49. sad  
50. neutral  
51. anger  
52. neutral  
53. neutral  
54. fear  
55. frustrated  
56. frustrated  
57. frustrated  
58. frustrated  
59. frustrated  
60. frustrated  
61. frustrated  
62. fear  
63. fear  
64. neutral  
65. neutral  
66. frustrated  
67. surprised  
68. neutral  
69. surprised  
70. anger  
71. fear  
72. frustrated  
73. frustrated  
74. frustrated  
75. fear  
76. neutral  
77. anger  
78. neutral  
79. neutral  
80. frustrated  
81. sad  
82. frustrated  
83. neutral
1. frustrated  
2. neutral  
3. frustrated  
4. neutral  
5. frustrated  
6. frustrated  
7. fear  
8. neutral  
9. fear  
10. neutral  
11. frustrated  
12. neutral  
13. frustrated  
14. neutral  
15. frustrated  
16. neutral  
17. fear  
18. neutral  
19. angry  
20. frustrated  
21. frustrated  
22. neutral  
23. fear  
24. surprised  
25. fear  
26. neutral  
27. fear  
28. frustrated  
29. fear  
30. neutral  
31. fear  
32. neutral  
33. fear  
34. surprised  
35. frustrated  
36. angry
1. neutral  
2. neutral  
3. neutral  
4. happy  
5. neutral  
6. neutral  
7. neutral  
8. frustrated  
9. neutral  
10. frustrated  
11. neutral  
12. frustrated  
13. neutral  
14. neutral  
15. neutral  
16. neutral  
17. neutral  
18. neutral  
19. excited  
20. frustrated  
21. neutral  
22. happy  
23. neutral  
24. neutral  
25. neutral  
26. neutral  
27. surprised  
28. happy  
29. frustrated  
30. frustrated  
31. excited  
32. excited  
33. frustrated  
34. excited  
35. frustrated  
36. neutral  
37. frustrated  
38. neutral  
39. fear  
40. neutral  
41. frustrated  
42. neutral  
43. frustrated  
44. frustrated  
45. frustrated  
46. neutral  
47. neutral  
48. sad  
49. neutral  
50. sad  
51. sad  
52. sad  
53. sad  
54. sad  
55. sad  
56. sad  
57. neutral  
58. neutral  
59. sad  
60. sad  
61. frustrated  
62. frustrated  
63. angry  
64. neutral  
65. excited  
66. frustrated  
67. excited  
68. neutral
"Based on the dialogue, here is the emotion for each numbered sentence:"
1. excited  
2. frustrated  
3. neutral  
4. frustrated  
5. frustrated  
6. neutral  
7. frustrated  
8. frustrated  
9. neutral  
10. neutral  
11. neutral  
12. frustrated  
13. frustrated  
14. neutral  
15. neutral  
16. frustrated  
17. frustrated  
18. excited  
19. neutral  
20. neutral  
21. frustrated  
22. frustrated  
23. frustrated  
24. neutral  
25. frustrated  
26. neutral  
27. frustrated  
28. frustrated  
29. neutral  
30. neutral  
31. neutral  
32. excited  
33. excited  
34. frustrated  
35. excited  
36. excited  
37. frustrated  
38. neutral  
39. neutral  
40. excited  
41. frustrated  
42. neutral  
43. surprised  
44. neutral  
45. frustrated  
46. frustrated  
47. frustrated  
48. frustrated  
49. excited  
50. surprised  
51. frustrated  
52. excited  
53. excited  
54. excited  
55. neutral  
56. excited
"Based on the context and dialogical acts, here is the emotion for each line:"
1.  neutral  
2.  neutral  
3.  frustrated  
4.  frustrated  
5.  frustrated  
6.  frustrated  
7.  frustrated  
8.  sad  
9.  confused  
10. sad  
11. neutral  
12. anger  
13. neutral  
14. sad  
15. neutral  
16. frustrated  
17. neutral  
18. sad  
19. frustrated  
20. frustrated  
21. hopeful  
22. sad  
23. confused  
24. sad  
25. neutral  
26. frustrated  
27. neutral  
28. neutral  
29. neutral  
30. sad  
31. happy  
32. happy  
33. neutral  
34. sad  
35. neutral  
36. sad  
37. neutral  
38. sad  
39. neutral  
40. sad  
41. neutral  
42. sad  
43. neutral  
44. sad  
45. neutral  
46. sad  
47. frustrated  
48. sad  
49. frustrated  
50. sad  
51. sad  
52. frustrated  
53. frustrated  
54. sad  
55. frustrated  
56. sad  
57. neutral  
58. sad  
59. neutral  
60. sad  
61. sad  
62. sad  
63. sad  
64. sad  
65. sad  
66. sad  
67. neutral  
68. frustrated  
69. sad  
70. neutral  
71. hopeful  
72. neutral  
73. happy  
74. neutral  
75. surprised  
76. neutral  
77. happy  
78. neutral  
79. happy  
80. excited  
81. neutral  
82. neutral
"Based on the dialogical acts and context, here is the emotion for each sentence:"
1.  surprised  
2.  neutral  
3.  neutral  
4.  neutral  
5.  neutral  
6.  fear  
7.  happy  
8.  happy  
9.  neutral  
10. neutral  
11. neutral  
12. fear  
13. fear  
14. neutral  
15. neutral  
16. neutral  
17. happy  
18. sad  
19. sad  
20. sad  
21. frustrated  
22. frustrated  
23. frustrated  
24. frustrated  
25. frustrated  
26. neutral  
27. neutral  
28. anger  
29. neutral  
30. happy  
31. fear  
32. sad  
33. neutral  
34. sad  
35. sad  
36. sad  
37. neutral  
38. fear  
39. neutral  
40. sad  
41. neutral  
42. frustrated  
43. neutral  
44. happy  
45. happy  
46. neutral  
47. happy  
48. happy  
49. frustrated  
50. neutral  
51. frustrated  
52. happy  
53. anger  
54. sad  
55. neutral  
56. neutral  
57. frustrated  
58. neutral  
59. excited  
60. sad  
61. frustrated  
62. anger  
63. happy  
64. happy  
65. neutral  
66. neutral  
67. neutral  
68. neutral
"Based on the dialogical context, the emotions for each sentence are:"
1. neutral  
2. frustrated  
3. anger  
4. neutral  
5. anger  
6. frustrated  
7. anger  
8. frustrated  
9. frustrated  
10. neutral  
11. anger  
12. anger  
13. surprised  
14. neutral  
15. sad  
16. frustrated  
17. frustrated  
18. frustrated  
19. neutral  
20. neutral  
21. neutral  
22. frustrated  
23. neutral  
24. frustrated  
25. frustrated  
26. frustrated  
27. frustrated  
28. anger  
29. frustrated  
30. neutral  
31. frustrated  
32. frustrated  
33. frustrated  
34. neutral  
35. frustrated  
36. frustrated  
37. anger  
38. anger  
39. frustrated  
40. anger  
41. frustrated  
42. frustrated  
43. frustrated  
44. frustrated  
45. frustrated  
46. neutral  
47. neutral  
48. neutral  
49. anger  
50. anger  
51. anger  
52. anger  
53. anger  
54. frustrated  
55. frustrated  
56. frustrated  
57. frustrated  
58. frustrated  
59. frustrated  
60. neutral  
61. frustrated  
62. neutral  
63. neutral  
64. neutral  
65. neutral  
66. frustrated  
67. neutral  
68. frustrated  
69. anger  
70. anger  
71. anger  
72. anger  
73. frustrated  
74. anger  
75. frustrated  
76. anger  
77. anger  
78. frustrated  
79. anger  
80. anger  
81. frustrated  
82. anger  
83. anger  
84. anger  
85. anger  
86. anger
"Based on the conversation context and dialogical acts, here is the emotion for each sentence:"
1. neutral  
2. neutral  
3. neutral  
4. frustrated  
5. neutral  
6. surprised  
7. neutral  
8. frustrated  
9. neutral  
10. frustrated  
11. frustrated  
12. frustrated  
13. neutral  
14. frustrated  
15. frustrated  
16. frustrated  
17. neutral  
18. frustrated  
19. neutral  
20. frustrated  
21. neutral  
22. neutral  
23. frustrated  
24. neutral  
25. neutral  
26. frustrated  
27. neutral  
28. frustrated  
29. frustrated  
30. neutral  
31. frustrated  
32. neutral  
33. frustrated  
34. frustrated  
35. frustrated  
36. frustrated  
37. neutral  
38. anger  
39. frustrated  
40. anger  
41. frustrated  
42. anger  
43. anger  
44. frustrated  
45. anger  
46. frustrated  
47. anger
"Based on the conversation context, here are the emotions for each numbered sentence:"
1.  neutral  
2.  neutral  
3.  surprised  
4.  frustrated  
5.  fear  
6.  frustrated  
7.  frustrated  
8.  frustrated  
9.  frustrated  
10. neutral  
11. sad  
12. anger  
13. sad  
14. frustrated  
15. fear  
16. frustrated  
17. neutral  
18. sad  
19. surprised  
20. sad  
21. sad  
22. sad  
23. fear  
24. frustrated  
25. frustrated  
26. fear  
27. frustrated  
28. frustrated  
29. sad  
30. fear  
31. neutral  
32. fear  
33. sad  
34. sad  
35. neutral  
36. neutral  
37. fear  
38. fear  
39. fear  
40. sad  
41. excited  
42. fear  
43. excited  
44. fear  
45. frustrated  
46. fear  
47. sad  
48. neutral  
49. sad  
50. sad  
51. sad  
52. excited  
53. sad  
54. excited  
55. excited  
56. sad  
57. sad  
58. happy  
59. sad
"Based on the context and dialogical acts, here are the emotions for each numbered sentence:"
1.  excited  
2.  neutral  
3.  excited  
4.  surprised  
5.  happy  
6.  neutral  
7.  excited  
8.  surprised  
9.  happy  
10. neutral  
11. happy  
12. neutral  
13. neutral  
14. neutral  
15. neutral  
16. neutral  
17. excited  
18. neutral  
19. excited  
20. happy  
21. surprised  
22. happy  
23. happy  
24. happy  
25. neutral  
26. happy  
27. neutral  
28. happy  
29. happy  
30. happy  
31. neutral  
32. happy  
33. happy  
34. happy  
35. neutral  
36. happy  
37. happy  
38. neutral  
39. neutral  
40. happy  
41. happy  
42. neutral  
43. happy  
44. excited  
45. happy  
46. neutral  
47. happy  
48. surprised  
49. happy  
50. neutral  
51. excited  
52. excited  
53. neutral  
54. neutral  
55. excited  
56. neutral  
57. surprised  
58. excited  
59. neutral  
60. neutral  
61. neutral  
62. neutral  
63. surprised  
64. neutral  
65. happy  
66. excited  
67. happy  
68. happy  
69. happy
"Based on the conversation, the emotions for each sentence are as follows:  "
1. **frustrated**  
2. **neutral**  
3. **sad**  
4. **surprised**  
5. **sad**  
6. **surprised**  
7. **frustrated**  
8. **neutral**  
9. **neutral**  
10. **frustrated**  
11. **neutral**  
12. **frustrated**  
13. **neutral**  
14. **neutral**  
15. **frustrated**  
16. **neutral**  
17. **neutral**  
18. **neutral**  
19. **frustrated**  
20. **surprised**  
21. **neutral**  
22. **sad**  
23. **neutral**  
24. **frustrated**  
25. **fear**  
26. **neutral**  
27. **neutral**  
28. **frustrated**  
29. **neutral**  
30. **frustrated**  
31. **neutral**  
32. **frustrated**  
33. **neutral**  
34. **neutral**  
35. **surprised**  
36. **neutral**  
37. **frustrated**  
38. **neutral**  
39. **frustrated**  
40. **neutral**  
41. **frustrated**  
42. **neutral**  
43. **frustrated**  
44. **neutral**  
45. **neutral**  
46. **frustrated**  
47. **neutral**  
48. **neutral**  
49. **fear**  
50. **neutral**  
51. **neutral**  
52. **frustrated**  
53. **happy**  
54. **frustrated**  
55. **neutral**  
56. **frustrated**  
57. **neutral**  
58. **neutral**  
59. **neutral**  
60. **frustrated**  
61. **neutral**  
62. **anger**  
63. **neutral**  
64. **anger**  
65. **neutral**  
66. **frustrated**  
67. **neutral**  
68. **sad**  
69. **neutral**  
70. **sad**  
71. **sad**  
72. **sad**  
73. **neutral**  
74. **frustrated**  
75. **neutral**  
76. **neutral**  
77. **neutral**  
78. **neutral**  
79. **frustrated**  
80. **sad**  
81. **sad**
"Based on the conversation, here is the emotion for each sentence:"
1. neutral  
2. neutral  
3. frustrated  
4. neutral  
5. frustrated  
6. neutral  
7. frustrated  
8. neutral  
9. neutral  
10. neutral  
11. frustrated  
12. neutral  
13. frustrated  
14. neutral  
15. frustrated  
16. fear  
17. neutral  
18. frustrated  
19. neutral  
20. frustrated  
21. neutral  
22. frustrated  
23. neutral  
24. frustrated  
25. neutral  
26. neutral  
27. anger  
28. neutral  
29. frustrated  
30. frustrated  
31. neutral  
32. sad  
33. surprised  
34. surprised  
35. frustrated  
36. neutral  
37. anger  
38. neutral  
39. frustrated  
40. neutral  
41. frustrated  
42. neutral  
43. neutral  
44. neutral  
45. neutral
"Based on the context of the conversation, the emotions for each sentence are as follows:  "
1.  **neutral** (Fey initiates with a concerned but calm inquiry)  
"2.  **sad** (Joey shares bad news, indicating sorrow)  "
"3.  **surprised** (Fey reacts with shock/curiosity to ""bad news"")  "
"4.  **sad** (Joey reveals a death, conveying grief)  "
5.  **sad** (Fey expresses sympathy and sorrow)  
"6.  **sad** (Joey explains the illness, maintaining grief)  "
7.  **surprised** (Fey reacts with shock to the news)  
8.  **sad** (Joey expresses disbelief and loss)  
9.  **neutral** (Fey acknowledges with a simple response)  
10. **sad** (Joey reminisces with sorrow about unrealized plans)  
11. **sad** (Joey continues grieving his friend's talents)  
12. **neutral** (Fey provides minimal acknowledgment)  
13. **neutral** (Fey asks a factual question)  
14. **sad** (Joey describes his friend's skills mournfully)  
15. **sad** (Joey emphasizes his friend's talent with grief)  
16. **sad** (Joey reiterates disbelief and loss)  
17. **sad** (Fey offers condolences)  
18. **sad** (Joey reflects on sudden loss)  
19. **sad** (Joey laments missing his friend)  
20. **neutral** (Fey begins a question neutrally)  
21. **sad** (Joey expresses ongoing grief)  
22. **neutral** (Fey acknowledges neutrally)  
23. **frustrated** (Joey starts expressing disillusionment)  
24. **anger** (Joey vents about life's unfairness with bitterness)  
25. **sad** (Fey responds sympathetically)  
26. **frustrated** (Joey contrasts childhood hopes with reality)  
27. **frustrated** (Joey questions why life isn't better)  
28. **anger** (Joey lashes out cynically)  
29. **neutral** (Fey reassures calmly)  
30. **neutral** (Joey agrees flatly)  
31. **sad** (Joey admits his pain but softens)  
32. **neutral** (Fey validates neutrally)  
33. **sad** (Joey states his longing simply)  
34. **neutral** (Fey offers support calmly)  
35. **neutral** (Joey responds with brief thanks)
"Based on the context and dialogical acts, here is the emotion for each numbered sentence:"
1. excited  
2. neutral  
3. excited  
4. surprised  
5. excited  
6. happy  
7. happy  
8. excited  
9. neutral  
10. neutral  
11. surprised  
12. neutral  
13. surprised  
14. neutral  
15. neutral  
16. happy  
17. happy  
18. happy  
19. neutral  
20. happy  
21. neutral  
22. excited  
23. neutral  
24. excited  
25. happy  
26. happy  
27. neutral  
28. neutral  
29. excited  
30. neutral  
31. excited  
32. neutral  
33. excited  
34. neutral  
35. neutral  
36. neutral  
37. neutral  
38. neutral  
39. neutral  
40. neutral  
41. neutral  
42. neutral  
43. neutral  
44. excited  
45. neutral  
46. happy  
47. neutral  
48. neutral  
49. neutral  
50. surprised  
51. neutral  
52. neutral  
53. neutral  
54. neutral  
55. neutral  
56. neutral  
57. neutral  
58. neutral  
59. neutral  
60. neutral  
61. neutral  
62. neutral  
63. happy  
64. neutral  
65. surprised  
66. surprised  
67. neutral  
68. neutral  
69. neutral  
70. neutral  
71. neutral  
72. neutral  
73. happy  
74. happy  
75. happy  
76. neutral  
77. neutral  
78. neutral  
79. neutral  
80. happy  
81. neutral  
82. neutral  
83. excited  
84. excited  
85. neutral  
86. excited  
87. neutral  
88. neutral  
89. excited  
90. happy  
91. neutral  
92. excited  
93. excited  
94. happy  
95. happy  
96. happy  
97. neutral  
98. neutral
Based on the emotional cues in each sentence:
1. neutral  
2. frustrated  
3. neutral  
4. neutral  
5. neutral  
6. neutral  
7. neutral  
8. neutral  
9. neutral  
10. frustrated  
11. neutral  
12. neutral  
13. neutral  
14. neutral  
15. neutral  
16. neutral  
17. neutral  
18. neutral  
19. neutral  
20. neutral  
21. neutral  
22. surprised  
23. neutral  
24. neutral  
25. neutral  
26. neutral  
27. neutral  
28. neutral  
29. neutral  
30. neutral  
31. neutral  
32. neutral  
33. neutral  
34. neutral  
35. neutral  
36. neutral  
37. neutral  
38. neutral  
39. neutral  
40. neutral  
41. neutral  
42. neutral  
43. frustrated  
44. neutral  
45. surprised  
46. neutral  
47. happy  
48. neutral  
49. frustrated  
50. neutral  
51. happy  
52. neutral  
53. happy  
54. neutral  
55. surprised  
56. happy  
57. happy  
58. neutral  
59. happy  
60. neutral
"Based on the dialogical context, here is the emotion for each numbered sentence:"
1. fear  
2. neutral  
3. surprised  
4. neutral  
5. surprised  
6. neutral  
7. fear  
8. sad  
9. neutral  
10. neutral  
11. fear  
12. sad  
13. fear  
14. neutral  
15. frustrated  
16. sad  
17. surprised  
18. frustrated  
19. surprised  
20. frustrated  
21. frustrated  
22. neutral  
23. frustrated  
24. fear  
25. neutral  
26. frustrated  
27. frustrated  
28. frustrated  
29. neutral  
30. frustrated  
31. neutral  
32. neutral  
33. neutral  
34. neutral  
35. excited  
36. neutral  
37. frustrated  
38. neutral  
39. neutral  
40. neutral  
41. frustrated  
42. neutral  
43. anger  
44. anger  
45. neutral  
46. anger  
47. neutral  
48. frustrated  
49. neutral  
50. anger  
51. neutral  
52. neutral  
53. fear  
54. neutral  
55. frustrated  
56. neutral  
57. frustrated  
58. neutral  
59. frustrated  
60. frustrated  
61. fear  
62. neutral  
63. neutral  
64. sad  
65. frustrated  
66. surprised  
67. neutral  
68. surprised  
69. anger  
70. fear  
71. neutral  
72. fear  
73. neutral  
74. sad  
75. neutral  
76. fear  
77. frustrated  
78. sad  
79. neutral  
80. frustrated
"Based on the dialogue and context, here are the emotions for each line:"
1. fear  
2. neutral  
3. surprised  
4. neutral  
5. neutral  
6. neutral  
7. surprised  
8. neutral  
9. neutral  
10. neutral  
11. sad  
12. frustrated  
13. surprised  
14. frustrated  
15. neutral  
16. frustrated  
17. frustrated  
18. frustrated  
19. frustrated  
20. frustrated  
21. anger  
22. neutral  
23. frustrated  
24. neutral  
25. frustrated  
26. frustrated  
27. neutral  
28. neutral  
29. neutral  
30. neutral  
31. excited  
32. neutral  
33. frustrated  
34. frustrated  
35. frustrated  
36. fear  
37. anger  
38. anger  
39. frustrated  
40. frustrated  
41. neutral  
42. sad  
43. frustrated  
44. neutral  
45. anger  
46. neutral  
47. neutral  
48. fear  
49. neutral  
50. frustrated  
51. frustrated  
52. frustrated  
53. frustrated  
54. frustrated  
55. frustrated  
56. frustrated  
57. frustrated  
58. fear  
59. fear  
60. neutral  
61. neutral  
62. sad  
63. frustrated  
64. surprised  
65. neutral  
66. surprised  
67. anger  
68. surprised  
69. frustrated  
70. frustrated  
71. neutral  
72. neutral  
73. neutral  
74. neutral  
75. frustrated  
76. neutral  
77. frustrated  
78. frustrated  
79. frustrated  
80. neutral  
81. neutral
"Based on the dialogue context, here is the emotion for each numbered sentence:"
1.  **frustrated** (Fey questions the invitation with disapproval)
2.  **neutral** (Joey asks a probing but calm question)
3.  **fear** (Fey expresses suspicion and anxiety about the sudden timing)
"4.  **neutral** (Joey offers a tentative, plausible explanation)"
5.  **frustrated** (Fey dismisses Joey's explanation as illogical)
6.  **frustrated** (Joey is confused by Fey's logic and defensive)
7.  **fear** (Fey states a fearful conviction about marriage)
8.  **surprised** (Joey is taken aback by Fey's marriage assumption)
9.  **fear** (Fey insists on a fearful intuition)
10. **neutral** (Joey downplays the concern)
11. **fear** (Fey demands an explanation with rising anxiety)
12. **neutral** (Joey tries to initiate a serious talk)
13. **sad** (Fey states a painful denial with conviction)
14. **frustrated** (Joey counters Fey's claim about the other woman's mind)
15. **frustrated** (Fey questions the other woman's motives angrily)
16. **frustrated** (Joey challenges Fey's certainty)
17. **sad** (Fey explains the other woman's faithfulness with painful resignation)
"18. **frustrated** (Joey tries to defuse the argument, exasperated)"
"19. **anger** (Fey issues a protective, angry warning)"
"20. **frustrated** (Joey demands specifics, exasperated)"
21. **anger** (Fey gives an angry command/accusation)
22. **surprised** (Joey is startled by Fey's extreme statement)
23. **fear** (Fey expresses desperate fear of Larry not returning)
"24. **fear** (Fey connects an event superstitiously, showing panic)"
25. **neutral** (Joey attempts to soothe)
26. **sad** (Fey pleads vulnerably for shared belief)
27. **neutral** (Joey repeats a calming attempt)
28. **excited** (Fey cites hopeful evidence with urgency)
29. **neutral** (Joey concedes/accepts)
"30. **sad** (Fey makes a pleading, weighted request)"
"31. **surprised** (Joey is taken aback by the specific emphasis ""me above all"")"
"32. **sad** (Fey makes a simple, plaintive plea)"
33. **frustrated** (Joey is agitated by the unanswered question and Fey's state)
34. **sad** (Fey admits helpless distress)
"35. **frustrated** (Joey demands answers, exasperated and confused)"
"Based on the context and dialogical acts, here is the emotion for each sentence:"
1.  **neutral**  
2.  **sad**  
3.  **happy**  
4.  **fear**  
5.  **neutral**  
6.  **surprised**  
7.  **sad**  
8.  **frustrated**  
9.  **frustrated**  
10. **surprised**  
11. **sad**  
12. **frustrated**  
13. **neutral**  
14. **surprised**  
15. **neutral**  
16. **fear**  
17. **neutral**  
18. **excited**  
19. **frustrated**  
20. **fear**  
21. **happy**  
22. **fear**  
23. **neutral**  
24. **surprised**  
25. **neutral**  
26. **surprised**  
27. **sad**  
28. **frustrated**  
29. **frustrated**  
30. **excited**  
31. **excited**  
32. **frustrated**  
33. **excited**  
34. **neutral**  
35. **neutral**  
36. **frustrated**  
37. **fear**  
38. **fear**  
39. **neutral**  
40. **frustrated**  
41. **sad**  
42. **sad**  
43. **frustrated**  
44. **frustrated**  
45. **neutral**  
46. **frustrated**  
47. **neutral**  
48. **neutral**  
49. **sad**  
50. **fear**  
51. **sad**  
52. **sad**  
53. **sad**  
54. **sad**  
55. **sad**  
56. **neutral**  
57. **excited**  
58. **sad**  
59. **sad**  
60. **frustrated**  
61. **sad**  
62. **sad**  
63. **frustrated**  
64. **sad**  
65. **neutral**  
66. **excited**  
67. **frustrated**  
68. **neutral**  
69. **happy**  
70. **happy**  
71. **excited**
"Based on the dialogical acts and contextual cues, here is the emotion for each numbered sentence:"
1. excited  
2. neutral  
3. frustrated  
4. frustrated  
5. neutral  
6. frustrated  
7. neutral  
8. neutral  
9. frustrated  
10. frustrated  
11. frustrated  
12. neutral  
13. frustrated  
14. frustrated  
15. neutral  
16. neutral  
17. neutral  
18. frustrated  
19. surprised  
20. frustrated  
21. frustrated  
22. frustrated  
23. frustrated  
24. frustrated  
25. frustrated  
26. frustrated  
27. neutral  
28. frustrated  
29. surprised  
30. frustrated  
31. excited  
32. excited  
33. frustrated  
34. excited  
35. excited  
36. excited  
37. frustrated  
38. neutral  
39. frustrated  
40. excited  
41. frustrated  
42. surprised  
43. frustrated  
44. frustrated  
45. frustrated  
46. frustrated  
47. frustrated  
48. frustrated  
49. sad  
50. excited  
51. excited  
52. excited  
53. excited  
54. frustrated  
55. neutral
Based on the context and dialogical acts:
1.  neutral  
2.  neutral  
3.  neutral  
4.  frustrated  
5.  frustrated  
6.  frustrated  
7.  frustrated  
8.  sad  
9.  confused (not in options; closest: **frustrated**)  
10. sad  
11. neutral  
12. anger  
13. neutral  
14. sad  
15. neutral  
16. frustrated  
17. neutral  
18. frustrated  
19. frustrated  
20. frustrated  
21. neutral  
22. sad  
23. neutral  
24. frustrated  
25. frustrated  
26. sad  
27. frustrated  
28. neutral  
29. sad  
30. happy  
31. excited  
32. sad  
33. neutral  
34. sad  
35. neutral  
36. neutral  
37. neutral  
38. neutral  
39. neutral  
40. neutral  
41. frustrated  
42. happy (implied by laughter)  
43. frustrated  
44. neutral  
45. neutral  
46. neutral  
47. neutral  
48. anger  
49. sad  
50. frustrated  
51. sad  
52. frustrated  
53. sad  
54. neutral  
55. sad  
56. neutral  
57. sad  
58. sad  
59. sad  
60. neutral  
61. sad  
62. sad  
63. sad  
64. neutral  
65. sad  
66. neutral  
67. surprised  
68. sad  
69. neutral  
70. neutral  
71. happy  
72. happy  
73. excited  
74. happy  
75. neutral  
76. happy  
77. neutral  
78. sad  
79. neutral  
80. neutral  
81. neutral
"Based on the context and dialogical acts, here are the emotions for each sentence:"
1.  **surprised** (Joey - Oh Good God.)
2.  **fear** (Fey - . Do you think it's them?)
3.  **neutral** (Joey - . I wonder.)
"4.  **frustrated** (Fey - . what, Nobody knows we are here except Freda and she wouldn't ring up.)"
5.  **fear** (Joey - . Must be them then?)
6.  **fear** (Fey - . What do we do?)
"7.  **neutral** (Joey - . We're all right, aren't we, darling, whatever happens?)"
"8.  **happy** (Fey - . Now and always, my sweet.)"
9.  **neutral** (Joey - . I don't care then.)
10. **neutral** (Fey - . It was bound to happen sooner or later.)
11. **neutral** (Joey - . Hello?  Hello?  What?  Wrong number.)
"12. **fear** (Fey - . Oh, it sent shivers up my spine.)"
"13. **fear** (Joey - . Oh, what shall we do if they suddenly walk in on us.)"
14. **neutral** (Fey - . Behave exquisitely.)
15. **neutral** (Joey - . With the worst- with the most perfect poise?)
16. **neutral** (Fey - . I shall probably do a Court Curtsey.)
"17. **neutral** (Joey - . Uhh, It's amazing how once you feel--)"
"18. **happy** (Joey - . things that ought to matter most dreadfully don't matter at all when one's happy, do they?)"
19. **sad** (Fey - . What's so horrible is that one can't stay happy.)
"20. **neutral** (Joey - . Uhh, You mustn't say that, my darling.)"
"21. **sad** (Fey - . Well, it's true.  The whole business is a very poor joke.)"
"22. **neutral** (Joey - . Being that sacred and wonderful thing, love.)"
23. **neutral** (Fey - . Meaning just that.)
"24. **frustrated** (Joey - . Um What does it all mean?  That's what I ask myself in my endless quest for ultimate truth.  Dear God, what does it all mean?)"
25. **frustrated** (Fey - . Don't laugh at me.  I'm serious.)
"26. **neutral** (Joey - . You mustn't be serious, darling.  That's just what they want.)"
27. **neutral** (Fey - . Who's they?)
"28. **frustrated** (Joey - . All the futile mortals who try to make life unbearable.  Laugh at them, Be flippant.  Laugh at everything, all their sacred shibboleths.)"
29. **frustrated** (Joey - . uh- the- Being flippant brings out the acid in their damned beauty and light.)
"30. **neutral** (Fey - . If I laugh at everything, then I must laugh at us too.)"
31. **neutral** (Joey - . Certainly you must.  We are figures of fun all right.)
"32. **sad** (Fey - . Oh, how long will it last, this ludicrous, overbearing love of ours?)"
33. **neutral** (Joey - . [garbage] who knows?)
"34. **neutral** (Fey - . Well, will we always bicker and fight?)"
35. **neutral** (Joey - . No.  That fire will fade along with our passion.)
"36. **neutral** (Fey - . Oh, dear.  Shall we like that?)"
"37. **neutral** (Joey - . Well, it depends on how well we played.)"
"38. **sad** (Fey - . What if one of us dies, does the other one laugh then?)"
"39. **excited** (Joey - . Yes, yes, with all his might.)"
"40. **frustrated** (Fey - . That's rather serious, isn't it?)"
"41. **excited** (Joey - . No, no that is quit laughable.  The cutting little mystery all done with mirrors.)"
"42. **frustrated** (Fey - . Darling, I do believe you're talking nonsense.)"
"43. **excited** (Joey - . So is everyone else in the long run.  Let's be superficial and pity the poor philosophers.  Let's blow trumpets and squeakers and enjoy the party as long as we can, like little quiet idiotic school children.)"
"44. **excited** (Joey - . [garbage] Darling, kiss me before your body rots and worms start popping in and out of your eye sockets.)"
"45. **neutral** (Fey - . Elliott, worms don't pop.)"
"46. **excited** (Joey - . I don't care what you do.  See, you could paint your body bright green and and run naked through the Place Vendome and run with every man in the world and I shan't say a word.  As long as I know that you love me best.)"
"47. **happy** (Fey - . Uhh, Thank you, darling.  And the same goes for you, except that if I ever see you so much as look at another woman, I'll kill you.) (The threat is sarcastic/flippant, the dominant emotion is affectionate happiness)"
48. **neutral** (Joey - . Do you remember that awful scene we had in Venice?)
49. **neutral** (Fey - . Which particular one?)
50. **neutral** (Joey - . The one where you bought that little painted wooden stake and you put it on my bed.)
"51. **excited** (Fey - . Awe, Charles.  That was his name.  He did wriggle so beautifully.)"
52. **frustrated** (Joey - . Horrible thing.  I hated it.)
53. **frustrated** (Fey - . I know you did.  You threw it out the window into the Canal below.  I don't think I'll ever forgive you for that.)
54. **neutral** (Joey - . How long did that roue last?)
55. **neutral** (Fey - . It went on intermittently for days.)
"56. **frustrated** (Joey - . Oh, The worst one was in Cannes when your curling iron burnt a hole in my new dressing gown?)"
"57. **neutral** (Fey - . Oh, It burnt my comb and all the towels in the bathroom.)"
"58. **happy** (Joey - . [LAUGHTER] That was quit a rouser, wasn't it?)"
59. **neutral** (Fey - . That was the first time you hit me.)
"60. **neutral** (Joey - . Oh, I didn't hit you very hard.)"
"61. **happy** (Fey - . And then the manager came in and saw us all rolling all over the floor, biting and scratching one another. [LAUGHTER])"
62. **happy** (Joey - . I should never forget his face. [LAUGHTER])
"63. **happy** (Fey - . How ridiculous, utterly ridiculous)"
64. **neutral** (Joey - . We were very much younger then.)
65. **neutral** (Fey - . Very much sillier.)
"66. **neutral** (Joey - . Come to think of it, the real cause of that roues was Peter Burden.)"
67. **neutral** (Fey - . You knew there was nothing in that.)
1. frustrated  
2. neutral  
3. frustrated  
4. neutral  
5. frustrated  
6. neutral  
7. frustrated  
8. frustrated  
9. frustrated  
10. neutral  
11. frustrated  
12. neutral  
13. frustrated  
14. neutral  
15. frustrated  
16. frustrated  
17. frustrated  
18. frustrated  
19. frustrated  
20. neutral  
21. neutral  
22. neutral  
23. frustrated  
24. frustrated  
25. frustrated  
26. frustrated  
27. frustrated  
28. frustrated  
29. anger  
30. frustrated  
31. neutral  
32. frustrated  
33. neutral  
34. frustrated  
35. frustrated  
36. frustrated  
37. frustrated  
38. frustrated  
39. anger  
40. frustrated  
41. frustrated  
42. anger  
43. frustrated  
44. anger  
45. frustrated  
46. anger  
47. frustrated  
48. frustrated  
49. neutral  
50. frustrated  
51. surprised  
52. frustrated  
53. anger  
54. frustrated  
55. frustrated  
56. frustrated  
57. frustrated  
58. frustrated  
59. anger  
60. frustrated  
61. frustrated  
62. neutral  
63. frustrated  
64. neutral  
65. neutral  
66. neutral  
67. neutral  
68. neutral  
69. frustrated  
70. frustrated  
71. anger  
72. anger  
73. anger  
74. frustrated  
75. anger  
76. anger  
77. frustrated  
78. anger  
79. frustrated  
80. anger  
81. anger  
82. anger  
83. frustrated  
84. anger  
85. anger  
86. anger  
87. anger  
88. anger  
89. anger  
90. anger  
91. anger
